2019.06 1343.74 10.82 0.00 0.00 0.00 255.85 2039.33 1338.35 10.67 0.00 0.00 0.00 0.10 -0.16 0.41 2019.40 1343.37 11.50 2021.25 1342.90 11.45 
2019.06 1343.74 10.82 0.00 0.00 0.00 250.03 2039.34 1335.37 10.67 0.00 0.00 0.00 0.30 -0.10 0.41 2019.36 1343.33 11.50 2021.03 1342.73 11.44 
2019.13 1343.75 10.82 0.00 0.00 0.00 314.14 2041.61 1358.95 10.82 0.00 0.00 0.00 0.15 -0.15 0.41 2019.62 1343.85 11.49 2020.97 1345.15 11.45 
2019.13 1343.75 10.82 0.00 0.00 0.00 314.14 2041.61 1358.95 10.82 0.00 0.00 0.00 0.18 -0.18 0.43 2019.62 1343.85 11.49 2020.93 1345.12 11.46 
2019.13 1343.75 10.82 0.00 0.00 0.00 314.14 2041.61 1358.95 10.82 0.00 0.00 0.00 0.15 -0.15 0.41 2019.62 1343.85 11.49 2020.96 1345.15 11.46 
2019.13 1343.75 10.82 0.00 0.00 0.00 314.14 2041.61 1358.95 10.82 0.00 0.00 0.00 0.15 -0.14 0.41 2019.62 1343.84 11.49 2020.97 1345.15 11.46 
2019.13 1343.75 10.82 0.00 0.00 0.00 314.14 2041.61 1358.95 10.82 0.00 0.00 0.00 0.16 -0.15 0.41 2019.62 1343.85 11.49 2020.97 1345.14 11.46 
2019.13 1343.75 10.82 0.00 0.00 0.00 314.14 2041.61 1358.95 10.82 0.00 0.00 0.00 0.17 -0.15 0.40 2019.62 1343.85 11.49 2020.96 1345.13 11.45 
2019.13 1343.75 10.82 0.00 0.00 0.00 314.14 2041.61 1358.95 10.82 0.00 0.00 0.00 0.16 -0.15 0.39 2019.62 1343.85 11.49 2020.96 1345.14 11.44 
2019.13 1343.75 10.82 0.00 0.00 0.00 314.14 2041.61 1358.95 10.82 0.00 0.00 0.00 0.14 -0.15 0.39 2019.62 1343.85 11.49 2020.97 1345.16 11.44 
2019.13 1343.75 10.82 0.00 0.00 0.00 314.14 2041.61 1358.95 10.82 0.00 0.00 0.00 0.12 -0.14 0.39 2019.62 1343.85 11.49 2020.97 1345.18 11.44 
2019.13 1343.75 10.82 0.00 0.00 0.00 314.14 2041.61 1358.95 10.82 0.00 0.00 0.00 0.12 -0.14 0.41 2019.62 1343.85 11.49 2020.97 1345.18 11.46 
2019.13 1343.75 10.82 0.00 0.00 0.00 314.14 2041.61 1358.95 10.82 0.00 0.00 0.00 0.13 -0.15 0.42 2019.62 1343.85 11.49 2020.96 1345.17 11.47 
2019.13 1343.75 10.82 0.00 0.00 0.00 314.14 2041.61 1358.95 10.82 0.00 0.00 0.00 0.16 -0.16 0.43 2019.62 1343.84 11.49 2020.95 1345.14 11.48 
2019.13 1343.75 10.82 0.00 0.00 0.00 314.14 2041.61 1358.95 10.82 0.00 0.00 0.00 0.19 -0.16 0.42 2019.62 1343.85 11.49 2020.95 1345.12 11.47 
2019.13 1343.75 10.82 0.00 0.00 0.00 314.14 2041.61 1358.95 10.82 0.00 0.00 0.00 0.19 -0.16 0.41 2019.62 1343.85 11.49 2020.95 1345.11 11.46 
2019.13 1343.75 10.82 0.00 0.00 0.00 314.14 2041.61 1358.95 10.82 0.00 0.00 0.00 0.18 -0.16 0.39 2019.62 1343.85 11.49 2020.96 1345.12 11.44 
2019.13 1343.75 10.82 0.00 0.00 0.00 314.14 2041.61 1358.95 10.82 0.00 0.00 0.00 0.18 -0.17 0.39 2019.62 1343.85 11.49 2020.94 1345.12 11.43 
2019.13 1343.75 10.82 0.00 0.00 0.00 314.14 2041.61 1358.95 10.82 0.00 0.00 0.00 0.15 -0.17 0.39 2019.62 1343.85 11.49 2020.94 1345.15 11.44 
2019.13 1343.75 10.82 0.00 0.00 0.00 314.14 2041.61 1358.95 10.82 0.00 0.00 0.00 0.11 -0.14 0.40 2019.62 1343.85 11.49 2020.97 1345.19 11.45 
2019.13 1343.75 10.82 0.00 0.00 0.00 314.14 2041.61 1358.95 10.82 0.00 0.00 0.00 0.12 -0.14 0.42 2019.62 1343.85 11.49 2020.97 1345.18 11.47 
2019.13 1343.75 10.82 0.00 0.00 0.00 314.14 2041.61 1358.95 10.82 0.00 0.00 0.00 0.13 -0.14 0.43 2019.62 1343.85 11.49 2020.97 1345.17 11.48 
2019.13 1343.75 10.82 0.00 0.00 0.00 314.14 2041.61 1358.95 10.82 0.00 0.00 0.00 0.17 -0.15 0.43 2019.62 1343.85 11.49 2020.96 1345.13 11.48 
2019.13 1343.75 10.82 0.00 0.00 0.00 314.14 2041.61 1358.95 10.82 0.00 0.00 0.00 0.19 -0.16 0.42 2019.62 1343.84 11.49 2020.95 1345.11 11.46 
2019.13 1343.75 10.82 0.00 0.00 0.00 314.14 2041.61 1358.95 10.82 0.00 0.00 0.00 0.19 -0.16 0.40 2019.62 1343.85 11.49 2020.95 1345.11 11.45 
2019.13 1343.75 10.82 0.00 0.00 0.00 314.14 2041.61 1358.95 10.82 0.00 0.00 0.00 0.17 -0.16 0.38 2019.62 1343.85 11.49 2020.95 1345.13 11.43 
2019.13 1343.75 10.82 0.00 0.00 0.00 314.14 2041.61 1358.95 10.82 0.00 0.00 0.00 0.15 -0.16 0.39 2019.62 1343.84 11.49 2020.96 1345.15 11.43 
2019.13 1343.75 10.82 0.00 0.00 0.00 314.14 2041.61 1358.95 10.82 0.00 0.00 0.00 0.12 -0.15 0.39 2019.62 1343.84 11.49 2020.97 1345.18 11.44 
2019.13 1343.75 10.82 0.00 0.00 0.00 314.14 2041.61 1358.95 10.82 0.00 0.00 0.00 0.12 -0.15 0.41 2019.62 1343.85 11.49 2020.96 1345.18 11.46 
2019.13 1343.75 10.82 0.00 0.00 0.00 314.14 2041.61 1358.95 10.82 0.00 0.00 0.00 0.12 -0.14 0.42 2019.62 1343.85 11.49 2020.97 1345.18 11.47 
2019.13 1343.75 10.82 0.00 0.00 0.00 314.14 2041.61 1358.95 10.82 0.00 0.00 0.00 0.14 -0.14 0.43 2019.62 1343.85 11.49 2020.97 1345.16 11.48 
2019.13 1343.75 10.82 0.00 0.00 0.00 314.14 2041.61 1358.95 10.82 0.00 0.00 0.00 0.17 -0.15 0.42 2019.62 1343.85 11.49 2020.97 1345.13 11.47 
2019.13 1343.75 10.82 0.00 0.00 0.00 314.14 2041.61 1358.95 10.82 0.00 0.00 0.00 0.19 -0.15 0.41 2019.62 1343.85 11.49 2020.96 1345.11 11.46 
2019.13 1343.75 10.82 0.00 0.00 0.00 314.14 2041.61 1358.95 10.82 0.00 0.00 0.00 0.18 -0.15 0.39 2019.62 1343.85 11.49 2020.96 1345.12 11.44 
2019.13 1343.75 10.82 0.00 0.00 0.00 314.14 2041.61 1358.95 10.82 0.00 0.00 0.00 0.15 -0.15 0.38 2019.62 1343.85 11.49 2020.97 1345.15 11.43 
2019.13 1343.75 10.82 0.00 0.00 0.00 314.14 2041.61 1358.95 10.82 0.00 0.00 0.00 0.12 -0.14 0.39 2019.62 1343.85 11.49 2020.97 1345.18 11.44 
2019.13 1343.75 10.82 0.00 0.00 0.00 314.14 2041.61 1358.95 10.82 0.00 0.00 0.00 0.11 -0.15 0.41 2019.62 1343.84 11.49 2020.97 1345.19 11.45 
2019.13 1343.75 10.82 0.00 0.00 0.00 314.14 2041.61 1358.95 10.82 0.00 0.00 0.00 0.12 -0.14 0.42 2019.62 1343.84 11.49 2020.97 1345.18 11.47 
2019.13 1343.75 10.82 0.00 0.00 0.00 314.14 2041.61 1358.95 10.82 0.00 0.00 0.00 0.15 -0.16 0.43 2019.62 1343.84 11.49 2020.95 1345.15 11.48 
2019.13 1343.75 10.82 0.00 0.00 0.00 314.14 2041.61 1358.95 10.82 0.00 0.00 0.00 0.19 -0.17 0.43 2019.62 1343.85 11.49 2020.94 1345.11 11.47 
2019.13 1343.75 10.82 0.00 0.00 0.00 314.14 2041.61 1358.95 10.82 0.00 0.00 0.00 0.20 -0.17 0.41 2019.62 1343.85 11.49 2020.94 1345.10 11.46 
2019.13 1343.75 10.82 0.00 0.00 0.00 314.14 2041.61 1358.95 10.82 0.00 0.00 0.00 0.18 -0.15 0.39 2019.62 1343.85 11.49 2020.96 1345.12 11.44 
2019.13 1343.75 10.82 0.00 0.00 0.00 314.14 2041.61 1358.95 10.82 0.00 0.00 0.00 0.16 -0.15 0.39 2019.62 1343.85 11.49 2020.96 1345.14 11.43 
2019.13 1343.75 10.82 0.00 0.00 0.00 314.14 2041.61 1358.95 10.82 0.00 0.00 0.00 0.13 -0.14 0.38 2019.62 1343.85 11.49 2020.97 1345.17 11.43 
2019.13 1343.75 10.82 0.00 0.00 0.00 314.14 2041.61 1358.95 10.82 0.00 0.00 0.00 0.12 -0.15 0.40 2019.62 1343.85 11.49 2020.96 1345.18 11.45 
2019.13 1343.75 10.82 0.00 0.00 0.00 314.14 2041.61 1358.95 10.82 0.00 0.00 0.00 0.12 -0.15 0.42 2019.62 1343.84 11.49 2020.96 1345.18 11.46 
2029.86 1351.32 10.82 0.03 0.02 0.00 304.48 2041.61 1358.95 10.82 0.00 0.00 0.00 0.11 -0.16 0.40 2030.44 1351.36 11.58 2031.96 1352.40 11.55 
2030.05 1351.45 10.82 0.03 0.02 0.00 304.72 2041.61 1358.95 10.82 0.00 0.00 0.00 0.12 -0.18 0.40 2030.64 1351.49 11.58 2032.14 1352.53 11.53 
2030.28 1351.61 10.82 0.03 0.02 0.00 304.99 2041.61 1358.95 10.82 0.00 0.00 0.00 0.11 -0.17 0.41 2030.85 1351.63 11.58 2032.35 1352.69 11.51 
2030.45 1351.73 10.82 0.03 0.02 0.00 305.11 2041.61 1358.95 10.82 0.00 0.00 0.00 0.10 -0.15 0.42 2031.05 1351.77 11.58 2032.57 1352.85 11.51 
2030.62 1351.85 10.82 0.03 0.02 0.00 305.11 2041.61 1358.95 10.82 0.00 0.00 0.00 0.10 -0.15 0.43 2031.25 1351.91 11.58 2032.77 1352.98 11.52 
2030.85 1352.01 10.82 0.03 0.02 0.00 305.11 2041.61 1358.95 10.82 0.00 0.00 0.00 0.11 -0.14 0.43 2031.45 1352.05 11.58 2032.98 1353.12 11.52 
2031.05 1352.15 10.82 0.03 0.02 0.00 305.11 2041.61 1358.95 10.82 0.00 0.00 0.00 0.12 -0.14 0.42 2031.65 1352.19 11.58 2033.18 1353.25 11.51 
2032.11 1352.90 10.82 0.03 0.02 0.00 305.11 2041.61 1358.95 10.82 0.00 0.00 0.00 0.11 -0.16 0.41 2032.71 1352.93 11.58 2034.23 1354.01 11.51 
2032.28 1353.02 10.82 0.03 0.02 0.00 305.11 2041.61 1358.95 10.82 0.00 0.00 0.00 0.11 -0.16 0.42 2032.91 1353.08 11.58 2034.43 1354.15 11.51 
2032.60 1353.24 10.82 0.03 0.02 0.00 305.11 2041.61 1358.95 10.82 0.00 0.00 0.00 0.12 -0.15 0.42 2033.20 1353.28 11.58 2034.72 1354.34 11.51 
2032.79 1353.38 10.82 0.03 0.02 0.00 305.11 2041.61 1358.95 10.82 0.00 0.00 0.00 0.12 -0.15 0.41 2033.40 1353.42 11.58 2034.92 1354.47 11.51 
2033.02 1353.54 10.82 0.03 0.02 0.00 305.11 2041.61 1358.95 10.82 0.00 0.00 0.00 0.12 -0.15 0.41 2033.59 1353.55 11.58 2035.08 1354.59 11.50 
2033.18 1353.65 10.82 0.03 0.02 0.00 305.11 2041.61 1358.95 10.82 0.00 0.00 0.00 0.11 -0.15 0.39 2033.79 1353.69 11.58 2035.32 1354.77 11.49 
2034.41 1354.52 10.82 0.03 0.02 0.00 305.11 2041.61 1358.95 10.82 0.00 0.00 0.00 0.11 -0.15 0.41 2035.01 1354.55 11.58 2036.53 1355.62 11.51 
2034.64 1354.68 10.82 0.03 0.02 0.00 305.11 2041.61 1358.95 10.82 0.00 0.00 0.00 0.14 -0.18 0.41 2035.24 1354.71 11.58 2036.73 1355.76 11.50 
2035.00 1354.93 10.82 0.03 0.02 0.00 305.11 2041.61 1358.95 10.82 0.00 0.00 0.00 0.10 -0.15 0.40 2035.61 1354.97 11.58 2037.13 1356.05 11.50 
2035.20 1355.07 10.82 0.03 0.02 0.00 305.11 2041.61 1358.95 10.82 0.00 0.00 0.00 0.10 -0.16 0.41 2035.81 1355.11 11.58 2037.32 1356.19 11.50 
2035.38 1355.20 10.82 0.03 0.02 0.00 305.11 2041.61 1358.95 10.82 0.00 0.00 0.00 0.10 -0.16 0.42 2036.01 1355.26 11.58 2037.52 1356.34 11.51 
2035.64 1355.38 10.82 0.03 0.02 0.00 305.11 2041.61 1358.95 10.82 0.00 0.00 0.00 0.10 -0.16 0.43 2036.21 1355.40 11.58 2037.72 1356.47 11.52 
2035.80 1355.49 10.82 0.03 0.02 0.00 305.11 2041.61 1358.95 10.82 0.00 0.00 0.00 0.11 -0.15 0.43 2036.40 1355.53 11.58 2037.93 1356.60 11.52 
2036.03 1355.65 10.82 0.03 0.02 0.00 305.11 2041.61 1358.95 10.82 0.00 0.00 0.00 0.12 -0.14 0.44 2036.60 1355.67 11.58 2038.07 1356.69 11.52 
2036.22 1355.79 10.82 0.03 0.02 0.00 305.11 2041.61 1358.95 10.82 0.00 0.00 0.00 0.13 -0.15 0.41 2036.80 1355.81 11.58 2038.32 1356.85 11.50 
2036.43 1355.94 10.82 0.03 0.02 0.00 305.11 2041.61 1358.95 10.82 0.00 0.00 0.00 0.12 -0.15 0.40 2037.00 1355.95 11.58 2038.53 1357.01 11.49 
2108.78 1369.19 10.71 0.04 -0.00 0.00 266.81 2190.58 1369.96 10.80 0.15 -0.00 0.00 0.01 0.10 0.41 2109.26 1368.86 11.48 2111.65 1368.73 11.51 
2109.03 1369.18 10.70 0.04 -0.00 0.00 267.07 2191.79 1369.95 10.77 0.25 -0.00 0.00 0.01 0.01 0.39 2109.51 1368.85 11.48 2111.80 1368.73 11.48 
2109.31 1369.16 10.70 0.04 -0.00 0.00 267.34 2193.15 1369.93 10.75 0.22 -0.00 0.00 0.01 0.23 0.41 2109.76 1368.83 11.48 2112.26 1368.72 11.44 
2210.46 1369.35 10.67 0.03 0.00 0.00 275.58 2280.06 1372.17 10.67 0.11 -0.12 0.00 -0.16 -0.06 0.39 2211.00 1369.09 11.44 2213.24 1369.31 11.37 
2215.98 1369.60 10.67 0.04 0.00 0.00 271.10 2299.50 1371.97 10.72 0.12 -0.12 0.00 -0.20 -0.04 0.42 2216.49 1369.29 11.44 2218.82 1369.32 11.42 
2231.76 1370.14 10.78 0.04 0.00 0.00 271.99 2351.37 1373.72 10.67 0.12 -0.13 0.00 -0.18 -0.01 0.40 2232.28 1369.85 11.56 2234.57 1369.93 11.54 
2241.86 1370.42 10.76 0.04 0.00 0.00 272.67 2361.43 1375.59 10.75 0.14 -0.14 0.00 -0.16 -0.06 0.41 2242.38 1370.12 11.54 2244.67 1370.23 11.51 
2246.82 1370.56 10.76 0.03 0.00 0.00 270.65 2367.16 1372.40 10.84 0.00 0.00 0.00 0.00 -0.20 0.41 2247.34 1370.25 11.54 2249.18 1370.28 11.52 
2247.74 1370.57 10.77 0.04 0.00 0.00 270.43 2367.16 1372.40 10.84 0.00 0.00 0.00 0.00 -0.19 0.41 2248.24 1370.26 11.54 2250.09 1370.28 11.52 
2248.04 1370.58 10.77 0.04 0.00 0.00 270.43 2367.16 1372.40 10.84 0.00 0.00 0.00 -0.00 -0.15 0.43 2248.50 1370.26 11.54 2250.30 1370.28 11.53 
2248.39 1370.58 10.77 0.04 0.00 0.00 270.43 2367.36 1372.12 10.83 0.00 -0.03 0.00 0.11 -0.14 0.42 2248.92 1370.27 11.54 2250.80 1370.28 11.53 
2250.05 1370.59 10.77 0.04 0.00 0.00 270.43 2367.02 1371.71 10.81 0.00 0.00 0.00 0.01 0.20 0.41 2250.56 1370.28 11.54 2252.40 1370.29 11.53 
2250.53 1370.59 10.77 0.03 0.00 0.00 270.43 2367.02 1371.71 10.81 0.00 0.00 0.00 0.00 0.20 0.41 2251.04 1370.28 11.54 2252.88 1370.29 11.53 
2250.89 1370.60 10.77 0.04 0.00 0.00 270.43 2367.02 1371.71 10.81 0.00 0.00 0.00 0.00 0.20 0.40 2251.40 1370.28 11.54 2253.24 1370.29 11.52 
2251.21 1370.60 10.77 0.04 0.00 0.00 270.43 2367.02 1371.71 10.81 0.00 0.00 0.00 0.01 0.19 0.39 2251.72 1370.29 11.54 2253.56 1370.30 11.52 
2251.50 1370.60 10.77 0.04 0.00 0.00 270.43 2367.02 1371.71 10.81 0.00 0.00 0.00 0.02 0.19 0.39 2251.96 1370.29 11.54 2253.81 1370.31 11.51 
2251.70 1370.60 10.77 0.04 0.00 0.00 270.43 2367.02 1371.71 10.81 0.00 0.00 0.00 0.02 0.19 0.40 2252.21 1370.29 11.54 2254.05 1370.32 11.52 
2251.99 1370.61 10.77 0.04 0.00 0.00 270.43 2367.02 1371.71 10.81 0.00 0.00 0.00 0.02 0.19 0.41 2252.46 1370.29 11.54 2254.30 1370.32 11.53 
2252.20 1370.61 10.77 0.04 0.00 0.00 270.43 2367.02 1371.71 10.81 0.00 0.00 0.00 0.01 0.19 0.42 2252.71 1370.29 11.54 2254.55 1370.31 11.54 
2342.10 1374.38 10.67 0.04 -0.00 0.00 264.85 2368.78 1374.98 10.84 0.15 0.16 0.00 0.14 -0.08 0.40 2342.60 1374.03 11.42 2344.82 1373.84 11.26 
2342.82 1374.32 10.67 0.04 -0.00 0.00 265.35 2371.65 1376.69 10.78 0.21 -0.05 0.00 -0.01 0.07 0.38 2343.32 1373.96 11.42 2345.66 1373.76 11.20 
2343.09 1374.30 10.67 0.04 -0.00 0.00 266.02 2372.46 1376.03 10.77 0.12 -0.11 0.00 -0.23 0.17 0.36 2343.56 1373.95 11.42 2346.03 1373.77 11.17 
2347.75 1374.17 10.67 0.04 -0.00 0.00 268.71 2394.32 1372.57 10.67 0.19 0.00 0.00 0.01 0.10 0.40 2348.27 1373.84 11.43 2350.61 1373.79 11.31 
2353.68 1373.81 10.67 0.04 -0.00 0.00 266.83 2416.17 1372.76 10.67 0.18 -0.17 0.00 -0.16 -0.05 0.40 2354.18 1373.48 11.43 2356.48 1373.35 11.32 
2353.92 1373.80 10.67 0.04 -0.00 0.00 267.07 2416.86 1372.12 10.67 0.14 -0.13 0.00 -0.18 0.05 0.38 2354.42 1373.46 11.43 2356.79 1373.33 11.29 
2356.18 1373.66 10.67 0.04 -0.00 0.00 261.97 2420.28 1364.39 10.82 -0.18 0.12 0.00 -0.06 0.45 0.45 2356.62 1373.28 11.43 2358.00 1373.08 11.34 
2364.78 1373.22 10.83 0.04 0.00 0.00 272.05 2413.64 1374.09 10.67 -0.22 -0.00 0.00 -0.13 0.42 0.49 2365.26 1372.92 11.60 2366.39 1372.96 11.56 
2367.37 1373.30 10.89 0.04 0.00 0.00 275.41 2418.37 1376.11 10.73 0.17 -0.08 0.00 -0.15 -0.14 0.41 2367.91 1373.04 11.65 2370.11 1373.25 11.60 
2368.02 1373.37 10.87 0.03 0.00 0.00 275.19 2421.18 1377.99 10.87 0.14 0.15 0.00 0.13 -0.06 0.42 2368.55 1373.10 11.64 2370.75 1373.29 11.59 
2373.69 1373.52 10.74 0.03 -0.00 0.00 260.41 2430.30 1363.35 10.67 0.18 -0.17 0.00 -0.19 0.02 0.41 2374.13 1373.13 11.52 2376.50 1372.73 11.50 
2373.92 1373.49 10.74 0.03 -0.00 0.00 260.41 2430.90 1362.78 10.67 0.13 -0.12 0.00 -0.12 0.01 0.41 2374.37 1373.09 11.51 2376.61 1372.71 11.50 
2378.59 1372.38 10.67 0.04 -0.00 0.00 264.00 2425.66 1369.09 10.96 -0.00 0.20 0.00 0.12 -0.21 0.40 2379.02 1372.02 11.45 2381.17 1371.79 11.44 
2379.03 1372.35 10.67 0.03 -0.00 0.00 268.26 2425.59 1371.67 11.03 -0.00 0.21 0.00 -0.38 -0.18 0.42 2379.53 1372.02 11.45 2381.17 1371.98 11.44 
2382.76 1372.59 10.67 0.03 0.00 0.00 276.09 2430.60 1377.23 10.96 -0.13 -0.14 0.00 0.27 0.01 0.42 2383.30 1372.33 11.44 2384.94 1372.51 11.41 
2395.32 1371.94 10.67 0.04 0.00 0.00 271.17 2457.71 1368.40 10.67 0.00 -0.17 0.00 -0.29 -0.16 0.40 2395.84 1371.63 11.44 2398.17 1371.68 11.41 
2398.68 1371.67 10.67 0.04 -0.00 0.00 262.67 2467.34 1362.34 10.82 0.14 0.00 0.00 -0.03 0.08 0.40 2399.14 1371.29 11.44 2401.40 1371.00 11.41 
2399.25 1371.60 10.67 0.03 -0.00 0.00 262.67 2469.64 1362.45 10.82 0.20 0.05 0.00 0.04 0.14 0.41 2399.68 1371.22 11.44 2402.26 1370.89 11.39 
2403.79 1371.35 10.67 0.04 0.00 0.00 272.07 2486.72 1374.83 10.86 0.23 0.00 0.00 -0.00 0.10 0.41 2404.31 1371.06 11.44 2406.68 1371.14 11.42 
2404.08 1371.36 10.67 0.04 0.00 0.00 272.97 2487.67 1374.86 10.87 0.18 0.00 0.00 -0.05 0.06 0.42 2404.56 1371.08 11.44 2407.00 1371.24 11.41 
2404.81 1371.42 10.67 0.03 0.00 0.00 274.31 2491.11 1375.10 10.80 0.18 0.10 0.00 0.00 0.17 0.40 2405.34 1371.14 11.44 2407.70 1371.31 11.40 
2405.97 1371.51 10.67 0.04 0.00 0.00 274.31 2495.78 1376.78 10.70 0.20 0.00 0.00 -0.02 0.11 0.41 2406.51 1371.23 11.44 2408.90 1371.42 11.38 
2408.41 1371.68 10.67 0.04 0.00 0.00 274.76 2493.81 1378.84 10.72 -0.18 -0.00 0.00 -0.03 0.46 0.41 2408.94 1371.41 11.44 2410.33 1371.53 11.43 
2408.80 1371.72 10.67 0.03 0.00 0.00 274.76 2492.23 1378.10 10.77 -0.13 -0.14 0.00 0.26 0.15 0.41 2409.34 1371.44 11.44 2410.95 1371.57 11.43 
2416.39 1372.05 10.67 0.04 0.00 0.00 273.65 2463.45 1373.39 10.67 -0.20 -0.00 0.00 0.00 0.39 0.43 2416.92 1371.77 11.44 2418.37 1371.87 11.42 
2416.91 1372.08 10.67 0.04 0.00 0.00 273.87 2461.84 1373.83 10.67 -0.15 0.14 0.00 -0.27 0.07 0.42 2417.44 1371.80 11.44 2419.13 1371.91 11.41 
2419.50 1372.19 10.78 0.04 -0.00 0.00 267.38 2451.03 1371.46 10.67 -0.12 0.11 0.00 -0.16 0.27 0.42 2419.99 1371.85 11.56 2421.59 1371.78 11.52 
2419.71 1372.18 10.79 0.04 -0.00 0.00 267.38 2449.89 1371.78 10.67 -0.24 -0.00 0.00 -0.13 0.22 0.42 2420.25 1371.84 11.57 2421.83 1371.78 11.53 
2420.72 1372.15 10.84 0.04 -0.00 0.00 268.72 2446.41 1368.47 10.67 -0.14 -0.15 0.00 0.30 0.06 0.43 2421.23 1371.82 11.62 2422.86 1371.78 11.59 
2424.21 1371.25 10.98 0.04 -0.00 0.00 265.14 2432.09 1371.94 10.93 -0.15 0.14 0.00 -0.19 0.06 0.55 2424.68 1370.90 11.73 2426.41 1370.75 11.57 
2425.33 1358.33 10.67 0.00 -0.04 0.00 181.68 2428.18 1277.13 10.79 0.00 -0.13 0.00 0.02 -0.07 0.40 2425.04 1357.81 11.43 2425.11 1355.70 11.38 
2425.34 1357.99 10.67 0.00 -0.04 0.00 182.02 2428.20 1276.46 10.81 0.00 -0.15 0.00 0.00 -0.06 0.40 2425.05 1357.47 11.43 2425.13 1355.33 11.35 
2425.42 1353.01 10.67 0.00 -0.04 0.00 183.47 2428.00 1271.34 10.85 -0.07 -0.08 0.00 -0.04 -0.06 0.42 2425.13 1352.49 11.45 2425.26 1350.39 11.46 
2426.10 1338.04 10.67 0.00 -0.03 0.00 180.04 2423.59 1255.74 10.71 0.00 0.00 0.00 0.32 -0.01 0.38 2425.80 1337.55 11.46 2425.80 1335.86 11.53 
2426.07 1337.30 10.67 0.00 0.00 0.00 181.15 2423.59 1255.74 10.71 0.00 0.00 0.00 0.32 -0.00 0.41 2425.76 1336.87 11.44 2425.80 1335.10 11.40 
2426.07 1337.30 10.67 0.00 0.00 0.00 181.15 2423.59 1255.74 10.71 0.00 0.00 0.00 0.33 -0.00 0.41 2425.76 1336.87 11.44 2425.80 1335.11 11.40 
2426.07 1337.30 10.67 0.00 0.00 0.00 181.15 2423.59 1255.74 10.71 0.00 0.00 0.00 0.33 -0.00 0.41 2425.76 1336.87 11.44 2425.80 1335.11 11.40 
2427.52 1231.38 10.67 0.00 -0.04 0.00 184.93 2435.12 1199.55 10.82 0.05 -0.10 0.00 0.02 -0.07 0.41 2427.27 1230.89 11.43 2427.45 1228.81 11.40 
2427.54 1231.19 10.67 0.00 -0.03 0.00 184.93 2435.19 1198.72 10.75 0.00 -0.11 0.00 -0.01 -0.08 0.43 2427.29 1230.66 11.43 2427.47 1228.59 11.40 
2427.56 1230.92 10.67 0.00 -0.04 0.00 185.05 2435.21 1198.08 10.78 0.00 -0.11 0.00 -0.01 -0.10 0.41 2427.31 1230.42 11.43 2427.50 1228.38 11.39 
2427.58 1230.72 10.67 0.00 -0.04 0.00 185.26 2435.23 1197.42 10.78 0.00 -0.11 0.00 -0.00 -0.11 0.43 2427.32 1230.18 11.43 2427.52 1228.13 11.37 
2427.71 1226.70 10.67 -0.00 -0.04 0.00 176.33 2425.03 1194.98 11.01 -0.10 -0.00 0.00 -0.12 -0.09 0.41 2427.36 1226.22 11.45 2427.22 1224.07 11.47 
2427.49 1222.89 10.67 0.00 -0.04 0.00 182.37 2428.99 1192.85 11.05 0.11 0.00 0.00 -0.06 -0.10 0.41 2427.19 1222.37 11.44 2427.28 1220.38 11.39 
2427.24 1215.00 10.67 -0.00 -0.04 0.00 173.63 2425.10 1199.39 10.86 0.09 -0.07 0.00 -0.04 -0.09 0.40 2426.87 1214.51 11.43 2426.70 1212.47 11.36 
2427.22 1214.75 10.67 -0.00 -0.04 0.00 176.99 2425.84 1198.69 10.90 0.11 -0.10 0.00 0.12 -0.08 0.41 2426.88 1214.24 11.43 2426.82 1212.02 11.33 
2426.17 1206.13 10.67 -0.00 -0.04 0.00 179.01 2426.56 1170.85 10.67 0.12 0.00 0.00 -0.26 -0.12 0.41 2425.85 1205.63 11.44 2425.82 1203.85 11.42 
2425.54 1192.04 11.03 -0.00 -0.03 0.00 173.87 2420.94 1164.76 10.82 0.08 -0.08 0.00 0.02 -0.10 0.40 2425.17 1191.56 11.80 2424.95 1189.49 11.73 
2425.52 1191.83 11.03 -0.00 -0.03 0.00 173.87 2421.55 1164.18 10.82 0.08 -0.07 0.00 0.00 -0.11 0.41 2425.14 1191.31 11.80 2424.92 1189.28 11.74 
2425.48 1191.51 11.03 -0.00 -0.04 0.00 173.87 2421.99 1163.77 10.82 0.07 -0.07 0.00 0.00 -0.12 0.43 2425.12 1191.07 11.80 2424.89 1189.04 11.73 
2425.46 1191.30 11.04 -0.00 -0.04 0.00 173.87 2422.37 1163.41 10.82 0.08 -0.08 0.00 0.01 -0.10 0.40 2425.09 1190.82 11.80 2424.86 1188.77 11.73 
2425.40 1188.58 10.94 0.00 -0.03 0.00 187.52 2427.42 1165.75 10.67 -0.03 0.10 0.00 -0.03 0.29 0.42 2425.15 1188.03 11.70 2425.37 1186.39 11.62 
2425.43 1188.35 10.93 0.00 -0.03 0.00 187.52 2427.13 1166.10 10.67 -0.09 0.07 0.00 0.19 0.14 0.43 2425.18 1187.80 11.69 2425.41 1186.07 11.61 
2425.53 1185.84 10.81 -0.00 -0.04 0.00 174.31 2423.06 1161.22 10.67 0.08 -0.07 0.00 0.08 -0.05 0.41 2425.16 1185.35 11.57 2424.95 1183.22 11.47 
2425.40 1183.94 10.71 0.00 -0.04 0.00 180.13 2424.81 1156.46 10.67 0.00 -0.11 0.00 0.00 -0.08 0.40 2425.09 1183.43 11.47 2425.09 1181.34 11.41 
2425.40 1183.24 10.67 -0.00 -0.03 0.00 179.91 2424.86 1154.80 10.67 0.00 -0.11 0.00 0.00 -0.07 0.40 2425.09 1182.73 11.43 2425.08 1180.63 11.36 
2425.40 1182.85 10.67 -0.00 -0.04 0.00 179.91 2424.90 1153.50 10.67 0.00 -0.10 0.00 -0.00 -0.10 0.40 2425.09 1182.33 11.43 2425.09 1180.29 11.36 
2425.40 1182.48 10.67 -0.00 -0.04 0.00 179.91 2424.93 1152.67 10.67 0.00 -0.12 0.00 -0.00 -0.08 0.40 2425.09 1181.97 11.43 2425.09 1179.89 11.36 
2425.40 1182.24 10.67 -0.00 -0.04 0.00 179.91 2424.49 1151.97 10.67 -0.07 -0.08 0.00 -0.11 -0.09 0.44 2425.09 1181.73 11.43 2425.10 1179.55 11.37 
2425.40 1181.95 10.67 -0.00 -0.04 0.00 179.91 2424.09 1151.54 10.67 -0.07 -0.08 0.00 -0.01 -0.09 0.42 2425.09 1181.48 11.43 2425.09 1179.41 11.38 
2425.40 1181.76 10.67 -0.00 -0.04 0.00 179.91 2423.66 1151.08 10.67 -0.08 -0.08 0.00 -0.03 -0.05 0.43 2425.09 1181.24 11.43 2425.07 1179.12 11.38 
2425.40 1181.43 10.67 -0.00 -0.03 0.00 179.91 2422.90 1150.27 10.67 -0.07 -0.08 0.00 0.01 -0.10 0.41 2425.09 1180.92 11.43 2425.07 1178.88 11.37 
2425.40 1181.12 10.67 -0.00 -0.04 0.00 179.91 2422.27 1149.61 10.82 -0.08 -0.08 0.00 -0.00 -0.08 0.40 2425.09 1180.61 11.43 2425.07 1178.54 11.35 
2425.40 1180.81 10.67 -0.00 -0.04 0.00 179.91 2421.83 1149.14 10.82 -0.07 -0.08 0.00 -0.01 -0.10 0.39 2425.09 1180.30 11.43 2425.09 1178.23 11.35 
2425.40 1180.54 10.67 -0.00 -0.04 0.00 179.91 2420.95 1148.95 10.82 -0.11 -0.00 0.00 -0.14 -0.10 0.40 2425.09 1180.06 11.43 2425.10 1177.89 11.35 
2425.40 1180.04 10.67 -0.00 -0.04 0.00 179.91 2419.51 1148.86 10.82 -0.11 -0.03 0.00 0.39 -0.16 0.43 2425.09 1179.53 11.43 2425.09 1177.89 11.40 
2425.40 1179.56 10.67 -0.00 -0.03 0.00 179.91 2418.61 1148.00 10.82 -0.08 -0.08 0.00 -0.19 0.12 0.42 2425.09 1179.05 11.43 2425.06 1176.69 11.37 
2425.40 1179.28 10.67 -0.00 -0.03 0.00 179.91 2418.11 1147.46 10.82 -0.07 -0.08 0.00 -0.08 0.01 0.41 2425.09 1178.80 11.43 2425.06 1176.60 11.36 
2425.40 1178.88 10.67 -0.00 -0.04 0.00 179.91 2417.38 1146.69 10.82 -0.08 -0.08 0.00 -0.27 0.17 0.37 2425.09 1178.34 11.43 2425.08 1175.89 11.32 
2425.26 1173.47 10.67 -0.00 -0.04 0.00 179.50 2425.34 1139.84 10.67 0.11 0.00 0.00 0.11 -0.11 0.41 2424.94 1172.95 11.43 2424.92 1170.78 11.34 
2425.50 1170.86 10.67 0.00 -0.03 0.00 191.62 2432.21 1139.06 10.67 0.08 -0.07 0.00 0.04 -0.03 0.42 2425.30 1170.30 11.44 2425.73 1168.19 11.39 
2426.32 1167.53 10.67 0.00 -0.03 0.00 186.48 2431.56 1131.72 10.67 -0.07 -0.08 0.00 -0.05 -0.06 0.41 2426.06 1166.99 11.43 2426.30 1164.88 11.36 
2426.38 1166.94 10.67 0.00 -0.03 0.00 186.48 2431.31 1130.54 10.67 0.05 -0.09 0.00 0.04 -0.09 0.41 2426.13 1166.40 11.43 2426.37 1164.32 11.37 
2426.42 1166.63 10.67 0.00 -0.04 0.00 186.48 2432.03 1129.85 10.67 0.08 -0.07 0.00 0.00 -0.11 0.42 2426.16 1166.08 11.43 2426.40 1164.04 11.37 
2426.64 1165.20 10.67 0.00 -0.03 0.00 191.62 2434.91 1127.05 10.82 0.04 -0.10 0.00 -0.00 -0.08 0.41 2426.43 1164.63 11.44 2426.85 1162.62 11.39 
2426.86 1164.13 10.67 0.00 -0.04 0.00 191.62 2432.99 1124.38 10.82 -0.07 -0.08 0.00 -0.01 -0.10 0.42 2426.65 1163.56 11.44 2427.07 1161.54 11.39 
2427.10 1162.66 10.67 0.00 -0.04 0.00 186.70 2430.14 1121.35 10.67 -0.07 -0.08 0.00 -0.01 -0.10 0.41 2426.84 1162.12 11.44 2427.08 1160.06 11.40 
2427.20 1161.49 10.67 0.00 -0.04 0.00 183.12 2428.33 1118.95 10.67 -0.01 -0.11 0.00 -0.00 -0.08 0.41 2426.91 1160.97 11.44 2427.02 1158.89 11.39 
2427.25 1159.43 10.67 0.00 -0.04 0.00 182.00 2428.58 1110.70 10.67 0.00 -0.17 0.00 -0.00 -0.07 0.41 2426.95 1158.91 11.44 2427.02 1156.77 11.42 
2427.26 1159.10 10.67 0.00 -0.04 0.00 182.00 2428.66 1108.23 10.67 0.00 -0.20 0.00 -0.00 -0.10 0.40 2426.96 1158.59 11.44 2427.04 1156.46 11.42 
2427.27 1158.77 10.67 0.00 -0.04 0.00 182.00 2428.70 1106.83 10.67 0.00 -0.25 0.00 -0.00 -0.08 0.42 2426.97 1158.26 11.44 2427.05 1156.10 11.43 
2427.28 1158.53 10.67 0.00 -0.04 0.00 182.00 2428.74 1105.55 10.67 0.00 -0.22 0.00 -0.00 -0.06 0.43 2426.98 1158.01 11.44 2427.05 1155.88 11.44 
2427.29 1158.25 10.67 0.00 -0.03 0.00 182.00 2428.79 1103.75 10.67 0.00 -0.24 0.00 0.01 -0.10 0.41 2426.99 1157.77 11.44 2427.05 1155.61 11.43 
2427.30 1158.01 10.67 0.00 -0.03 0.00 182.00 2428.82 1102.76 10.67 0.00 -0.19 0.00 0.01 -0.09 0.40 2427.00 1157.53 11.44 2427.05 1155.39 11.42 
2427.30 1157.81 10.67 0.00 -0.04 0.00 182.00 2428.86 1101.34 10.67 0.00 -0.24 0.00 0.01 -0.08 0.39 2427.00 1157.30 11.44 2427.06 1155.11 11.41 
2427.31 1157.57 10.67 0.00 -0.04 0.00 182.00 2428.85 1099.83 10.67 -0.05 -0.23 0.00 0.00 -0.10 0.39 2427.01 1157.05 11.44 2427.08 1154.92 11.40 
2427.32 1157.36 10.67 0.00 -0.04 0.00 182.00 2428.07 1098.68 10.67 -0.14 -0.15 0.00 -0.14 -0.06 0.39 2427.02 1156.81 11.44 2427.11 1154.56 11.40 
2427.33 1157.04 10.67 0.00 -0.04 0.00 182.00 2427.26 1097.82 10.67 -0.15 -0.16 0.00 -0.24 0.01 0.40 2427.03 1156.57 11.44 2427.14 1154.20 11.41 
2426.43 1097.66 10.67 -0.00 -0.04 0.00 175.09 2424.82 1058.19 10.67 0.00 -0.10 0.00 0.00 -0.06 0.41 2426.09 1097.20 11.47 2425.91 1095.15 11.59 
2426.40 1097.41 10.67 -0.00 -0.03 0.00 175.26 2424.83 1057.76 10.67 0.00 -0.12 0.00 0.01 -0.12 0.42 2426.06 1096.95 11.47 2425.89 1094.87 11.57 
2426.38 1097.14 10.67 -0.00 -0.03 0.00 175.55 2424.92 1056.93 10.67 0.03 -0.10 0.00 0.00 -0.10 0.41 2426.04 1096.71 11.47 2425.88 1094.69 11.55 
2426.31 1096.16 10.67 0.00 0.00 0.00 174.56 2423.53 1045.21 10.67 -0.08 -0.08 0.00 -0.09 -0.00 0.41 2425.96 1095.78 11.46 2425.75 1093.56 11.50 
2426.31 1096.16 10.67 0.00 0.00 0.00 174.56 2422.08 1043.66 10.82 -0.08 -0.08 0.00 -0.06 -0.03 0.40 2425.96 1095.78 11.46 2425.74 1093.60 11.49 
2426.31 1096.16 10.67 0.00 0.00 0.00 184.19 2431.86 1026.44 10.70 0.01 -0.10 0.00 -0.02 -0.08 0.40 2426.03 1095.71 11.45 2426.18 1093.62 11.43 
2426.31 1096.16 10.67 0.00 0.00 0.00 185.08 2433.81 1021.91 10.82 0.08 -0.08 0.00 0.02 -0.10 0.41 2426.03 1095.71 11.45 2426.22 1093.62 11.42 
2426.31 1096.14 10.67 0.00 -0.01 0.00 187.99 2435.61 1017.03 10.67 0.00 -0.10 0.00 0.00 -0.09 0.40 2426.07 1095.62 11.45 2426.35 1093.59 11.45 
2426.34 1095.98 10.67 0.00 0.00 0.00 182.62 2429.40 1014.47 10.86 -0.11 -0.00 0.00 0.26 -0.10 0.40 2426.04 1095.54 11.45 2426.12 1093.72 11.42 
2426.34 1095.99 10.67 0.00 0.00 0.00 180.17 2429.03 1003.37 10.66 0.21 0.00 0.00 -0.32 -0.18 0.41 2426.03 1095.57 11.45 2426.05 1093.81 11.41 
2426.34 1095.99 10.67 0.00 0.00 0.00 184.64 2435.84 1007.65 10.82 -0.00 0.11 0.00 -0.23 0.28 0.41 2426.06 1095.55 11.45 2426.19 1093.95 11.44 
2426.34 1095.99 10.67 0.00 0.00 0.00 185.99 2434.27 1009.00 10.75 -0.10 0.00 0.00 0.31 0.10 0.41 2426.07 1095.54 11.45 2426.24 1093.83 11.44 
2426.34 1095.99 10.67 0.00 0.00 0.00 181.06 2426.88 1002.17 10.67 -0.07 -0.08 0.00 -0.00 -0.10 0.40 2426.03 1095.57 11.45 2426.07 1093.47 11.44 
2426.34 1095.99 10.67 0.00 0.00 0.00 178.15 2422.62 997.57 10.67 -0.04 -0.09 0.00 -0.00 -0.10 0.40 2426.01 1095.59 11.45 2425.94 1093.49 11.44 
2426.34 1095.99 10.67 0.00 0.00 0.00 178.15 2422.69 996.94 10.67 0.04 -0.10 0.00 0.00 -0.08 0.42 2426.01 1095.59 11.45 2425.93 1093.47 11.44 
2425.43 966.25 10.67 0.00 0.00 0.00 178.63 2425.29 909.68 10.82 0.03 -0.12 0.00 0.02 -0.06 0.41 2425.10 965.82 11.42 2425.04 963.66 11.27 
2425.43 966.25 10.67 0.00 0.00 0.00 176.17 2425.82 909.06 10.82 0.08 -0.07 0.00 0.08 -0.05 0.41 2425.08 965.84 11.42 2424.93 963.66 11.26 
2425.43 966.25 10.67 0.00 0.00 0.00 175.72 2426.08 908.80 10.82 0.07 -0.07 0.00 0.14 -0.06 0.40 2425.08 965.84 11.42 2424.92 963.55 11.26 
2425.43 966.25 10.67 0.00 0.00 0.00 183.78 2430.62 903.37 10.82 0.08 -0.08 0.00 0.05 -0.06 0.41 2425.14 965.81 11.44 2425.28 963.64 11.39 
2425.43 966.25 10.67 0.00 0.00 0.00 184.00 2432.84 900.22 10.82 0.00 -0.11 0.00 -0.01 -0.07 0.41 2425.14 965.81 11.44 2425.29 963.68 11.38 
2425.43 966.25 10.67 0.00 0.00 0.00 184.45 2433.99 898.41 10.82 0.10 -0.05 0.00 0.04 -0.05 0.41 2425.14 965.80 11.44 2425.31 963.65 11.38 
2425.43 966.25 10.67 0.00 0.00 0.00 184.45 2434.90 898.36 10.82 0.11 0.00 0.00 0.08 -0.10 0.41 2425.14 965.80 11.44 2425.30 963.63 11.38 
2425.43 966.25 10.67 0.00 0.00 0.00 184.45 2435.44 898.38 10.82 0.11 0.00 0.00 -0.03 -0.11 0.40 2425.14 965.80 11.44 2425.29 963.75 11.38 
2425.43 966.25 10.67 0.00 0.00 0.00 184.45 2436.68 898.48 10.82 0.10 0.04 0.00 -0.33 -0.11 0.40 2425.14 965.80 11.44 2425.28 964.05 11.38 
2425.43 966.25 10.67 0.00 0.00 0.00 184.45 2437.08 898.86 10.82 0.07 0.07 0.00 -0.33 0.11 0.41 2425.14 965.80 11.44 2425.28 964.13 11.38 
2425.43 966.25 10.67 0.00 0.00 0.00 184.45 2437.70 899.33 10.81 0.11 0.03 0.00 -0.32 0.10 0.42 2425.14 965.80 11.44 2425.29 964.11 11.39 
2425.43 966.25 10.67 0.00 0.00 0.00 184.45 2438.12 899.30 10.81 0.10 -0.03 0.00 -0.08 -0.09 0.42 2425.14 965.80 11.44 2425.32 963.77 11.39 
2425.43 966.25 10.67 0.00 0.00 0.00 184.45 2438.67 898.84 10.81 0.08 -0.07 0.00 0.00 -0.09 0.43 2425.14 965.80 11.44 2425.31 963.69 11.40 
2425.43 966.25 10.67 0.00 0.00 0.00 184.67 2432.44 893.53 10.82 -0.07 -0.08 0.00 -0.03 -0.09 0.40 2425.14 965.81 11.44 2425.32 963.68 11.40 
2425.43 966.25 10.67 0.00 0.00 0.00 185.57 2430.30 891.25 10.82 -0.07 -0.08 0.00 -0.00 -0.10 0.40 2425.15 965.80 11.44 2425.35 963.72 11.43 
2425.43 966.25 10.67 0.00 0.00 0.00 184.23 2428.73 889.67 10.70 -0.09 -0.05 0.00 -0.01 -0.11 0.40 2425.14 965.81 11.45 2425.30 963.74 11.44 
2425.43 966.25 10.67 0.00 0.00 0.00 179.75 2425.70 889.53 10.53 -0.11 -0.00 0.00 0.02 -0.10 0.41 2425.11 965.83 11.44 2425.10 963.77 11.43 
2425.43 966.25 10.67 0.00 0.00 0.00 179.75 2424.37 890.63 10.52 0.05 0.09 0.00 -0.01 0.30 0.41 2425.11 965.83 11.44 2425.10 964.15 11.43 
2425.43 966.25 10.67 0.00 0.00 0.00 186.24 2434.23 889.91 10.82 0.11 -0.02 0.00 0.11 -0.10 0.41 2425.16 965.80 11.44 2425.40 963.61 11.41 
2425.43 966.25 10.67 0.00 0.00 0.00 189.60 2436.80 887.61 10.82 0.08 -0.08 0.00 0.00 -0.09 0.41 2425.18 965.79 11.45 2425.53 963.72 11.46 
2425.43 966.25 10.67 0.00 0.00 0.00 176.36 2437.95 887.04 10.81 0.00 0.00 0.00 -0.32 0.03 0.41 2425.08 965.85 11.44 2424.97 964.10 11.43 
2425.43 966.25 10.67 0.00 0.00 0.00 176.36 2437.95 887.04 10.81 0.00 0.00 0.00 -0.32 0.02 0.41 2425.08 965.85 11.44 2424.97 964.09 11.43 
2425.43 966.25 10.67 0.00 0.00 0.00 162.93 2437.95 887.04 10.81 0.00 0.00 0.00 -0.26 0.08 0.41 2425.00 965.94 11.44 2424.47 964.21 11.43 
2425.43 966.25 10.67 0.00 0.00 0.00 162.93 2437.95 887.04 10.81 0.00 0.00 0.00 -0.25 0.09 0.41 2425.00 965.94 11.44 2424.47 964.21 11.43 
2425.41 966.19 10.67 0.00 0.00 0.00 175.47 2431.97 878.97 9.58 0.08 -0.08 0.00 0.18 0.02 0.40 2425.06 965.78 11.43 2424.87 963.45 11.31 
2425.41 966.19 10.67 0.00 0.00 0.00 175.47 2435.04 878.31 9.64 0.12 0.12 0.00 -0.29 -0.06 0.43 2425.06 965.78 11.43 2424.92 964.03 11.34 
2425.41 966.19 10.67 0.00 0.00 0.00 175.47 2435.37 880.44 10.12 -0.00 0.20 0.00 0.03 0.55 0.44 2425.06 965.78 11.43 2424.96 964.43 11.36 
2425.41 966.19 10.67 0.00 0.00 0.00 175.47 2435.36 881.03 10.23 -0.00 0.16 0.00 0.07 0.47 0.44 2425.06 965.78 11.43 2424.95 964.32 11.36 
2425.41 966.19 10.67 0.00 0.00 0.00 175.47 2435.32 882.11 10.44 -0.00 0.22 0.00 0.08 0.51 0.46 2425.06 965.78 11.43 2424.96 964.42 11.37 
2425.41 966.19 10.67 0.00 0.00 0.00 175.47 2429.76 884.70 10.49 -0.15 -0.00 0.00 0.35 -0.20 0.42 2425.06 965.78 11.43 2424.93 964.04 11.34 
2425.41 966.19 10.67 0.00 0.00 0.00 175.47 2426.92 884.62 10.34 -0.12 -0.00 0.00 -0.17 -0.10 0.40 2425.06 965.78 11.43 2424.88 963.51 11.32 
2425.41 966.19 10.67 0.00 0.00 0.00 175.47 2423.46 884.53 10.15 -0.10 0.01 0.00 0.02 -0.11 0.40 2425.06 965.78 11.43 2424.90 963.71 11.32 
2425.41 966.19 10.67 0.00 0.00 0.00 175.47 2422.90 885.02 10.15 -0.05 0.10 0.00 0.29 0.17 0.43 2425.06 965.78 11.43 2424.93 964.11 11.35 
2425.41 966.19 10.67 0.00 0.00 0.00 175.47 2423.03 885.75 10.19 0.05 0.09 0.00 -0.02 0.29 0.44 2425.06 965.78 11.43 2424.93 964.09 11.35 
2425.41 966.19 10.67 0.00 0.00 0.00 175.47 2426.22 886.32 10.39 0.08 0.08 0.00 -0.31 0.08 0.42 2425.06 965.78 11.43 2424.93 964.10 11.34 
2425.41 966.19 10.67 0.00 0.00 0.00 175.47 2426.83 886.97 10.46 0.07 0.08 0.00 -0.31 0.26 0.42 2425.06 965.78 11.43 2424.94 964.18 11.35 
2425.41 966.19 10.67 0.00 0.00 0.00 175.47 2427.21 887.37 10.50 0.07 0.07 0.00 -0.28 0.27 0.43 2425.06 965.78 11.43 2424.94 964.15 11.35 
2425.41 966.19 10.67 0.00 0.00 0.00 175.47 2427.84 888.04 10.56 0.08 0.08 0.00 -0.26 0.21 0.45 2425.06 965.78 11.43 2424.93 964.11 11.36 
2425.41 966.19 10.67 0.00 0.00 0.00 175.47 2428.16 888.39 10.60 0.07 0.08 0.00 -0.23 0.16 0.44 2425.06 965.78 11.43 2424.92 964.06 11.36 
2425.41 966.19 10.67 0.00 0.00 0.00 175.47 2428.70 888.95 10.66 0.07 0.08 0.00 -0.25 0.17 0.44 2425.06 965.78 11.43 2424.91 964.07 11.35 
2425.41 966.19 10.67 0.00 0.00 0.00 175.47 2431.91 889.17 10.82 0.08 -0.07 0.00 -0.31 -0.18 0.42 2425.06 965.78 11.43 2424.92 963.98 11.34 
2425.41 966.19 10.67 0.00 0.00 0.00 175.47 2433.89 888.93 10.82 0.09 0.06 0.00 0.13 -0.15 0.40 2425.06 965.78 11.43 2424.87 963.56 11.33 
2425.41 966.19 10.67 0.00 0.00 0.00 184.42 2438.06 890.31 10.81 0.07 -0.07 0.00 0.01 -0.07 0.40 2425.13 965.73 11.43 2425.29 963.59 11.36 
2425.54 965.30 10.67 0.00 -0.04 0.00 190.02 2441.53 885.88 10.82 0.00 -0.10 0.00 -0.00 -0.10 0.41 2425.31 964.74 11.43 2425.67 962.71 11.36 
2425.61 964.90 10.67 0.00 -0.04 0.00 190.02 2441.57 884.50 10.82 0.00 -0.13 0.00 -0.00 -0.05 0.41 2425.38 964.34 11.43 2425.75 962.23 11.35 
2425.93 962.24 10.67 0.00 -0.03 0.00 183.53 2447.62 876.19 9.43 0.00 -0.11 0.00 -0.01 -0.11 0.41 2425.64 961.71 11.44 2425.77 959.67 11.40 
2399.27 916.23 10.82 -0.03 -0.02 0.00 129.51 2386.54 903.33 9.76 -0.11 -0.00 0.00 0.01 -0.12 0.40 2398.67 916.12 11.56 2397.10 914.82 11.42 
2399.08 916.07 10.82 0.00 0.00 0.00 128.30 2382.63 905.90 9.63 -0.10 -0.00 0.00 -0.02 -0.07 0.51 2398.53 916.04 11.55 2396.83 914.70 11.33 
2399.08 916.07 10.82 0.00 0.00 0.00 128.30 2381.47 905.86 9.51 -0.11 -0.00 0.00 -0.04 -0.07 0.51 2398.53 916.04 11.55 2396.83 914.68 11.33 
2399.08 916.07 10.82 0.00 0.00 0.00 128.30 2380.90 905.84 9.45 -0.11 -0.00 0.00 -0.03 -0.07 0.53 2398.53 916.04 11.55 2396.85 914.69 11.35 
2399.08 916.07 10.82 0.00 0.00 0.00 128.30 2379.02 905.79 9.27 -0.11 -0.00 0.00 -0.01 -0.07 0.53 2398.53 916.04 11.55 2396.83 914.71 11.35 
2399.08 916.07 10.82 0.00 0.00 0.00 128.30 2378.21 905.76 9.18 -0.10 -0.00 0.00 -0.04 -0.00 0.50 2398.53 916.04 11.55 2396.78 914.68 11.32 
2399.08 916.07 10.82 0.00 0.00 0.00 128.30 2377.33 905.74 9.10 -0.11 -0.00 0.00 -0.02 -0.06 0.50 2398.53 916.04 11.55 2396.83 914.70 11.32 
2399.08 916.07 10.82 0.00 0.00 0.00 128.30 2376.69 905.72 9.06 -0.11 -0.00 0.00 -0.02 -0.08 0.50 2398.53 916.04 11.55 2396.85 914.70 11.32 
2399.04 916.04 10.82 0.00 0.00 0.00 110.37 2365.30 916.53 9.57 -0.13 0.12 0.00 -0.27 -0.04 0.38 2398.52 916.18 11.57 2396.26 915.34 11.43 
2399.04 916.04 10.82 0.00 0.00 0.00 92.90 2362.65 912.05 9.47 0.09 -0.15 0.00 -0.33 0.13 0.44 2398.57 916.31 11.57 2396.97 916.16 11.47 
2399.04 916.04 10.82 0.00 0.00 0.00 101.40 2363.22 909.66 9.41 0.11 -0.10 0.00 -0.31 -0.03 0.42 2398.55 916.26 11.57 2396.86 915.92 11.45 
2375.45 907.49 9.18 -0.02 -0.03 0.00 138.28 2370.38 883.89 8.08 0.00 -0.12 0.00 -0.01 -0.11 0.41 2374.89 907.31 9.93 2373.54 905.79 9.87 
2375.31 907.34 9.16 -0.02 -0.02 0.00 138.32 2370.40 883.31 8.06 0.00 -0.11 0.00 0.01 -0.09 0.40 2374.73 907.13 9.90 2373.35 905.58 9.83 
2373.67 904.99 9.01 -0.00 -0.04 0.00 169.52 2374.49 876.63 7.62 0.08 -0.07 0.00 -0.00 -0.11 0.41 2373.25 904.52 9.75 2372.88 902.49 9.52 
2373.54 904.30 9.00 -0.00 -0.04 0.00 169.52 2375.79 875.41 7.53 0.08 -0.08 0.00 -0.00 -0.11 0.42 2373.13 903.84 9.73 2372.76 901.80 9.51 
2373.45 903.80 8.98 -0.00 -0.03 0.00 171.31 2376.26 874.14 7.48 0.04 -0.09 0.00 0.00 -0.11 0.40 2373.06 903.31 9.71 2372.75 901.28 9.48 
2373.42 902.88 8.94 0.00 -0.04 0.00 189.22 2378.12 872.36 7.36 0.08 -0.08 0.00 -0.01 -0.11 0.40 2373.19 902.29 9.65 2373.53 900.25 9.38 
2373.16 898.96 8.70 -0.00 -0.04 0.00 167.85 2370.58 866.88 7.38 -0.11 -0.00 0.00 -0.03 -0.09 0.40 2372.75 898.53 9.47 2372.31 896.50 9.43 
2373.08 898.56 8.67 -0.00 -0.03 0.00 167.85 2369.44 866.85 7.42 -0.11 -0.00 0.00 -0.15 -0.08 0.41 2372.66 898.13 9.44 2372.20 895.98 9.41 
2373.12 895.69 8.50 -0.01 -0.03 0.00 161.58 2360.92 866.59 7.38 -0.11 -0.00 0.00 -0.13 -0.07 0.40 2372.66 895.30 9.26 2371.97 893.21 9.18 
2373.01 895.34 8.49 -0.01 -0.03 0.00 161.58 2359.87 866.56 7.37 -0.11 -0.00 0.00 -0.02 -0.10 0.40 2372.54 894.95 9.25 2371.89 892.98 9.16 
2372.94 895.14 8.48 -0.01 -0.03 0.00 161.58 2359.41 866.54 7.37 -0.10 -0.00 0.00 0.03 -0.12 0.40 2372.47 894.72 9.23 2371.84 892.81 9.15 
2372.83 894.80 8.46 -0.01 -0.03 0.00 161.58 2358.25 866.51 7.37 -0.11 -0.00 0.00 -0.03 -0.10 0.41 2372.36 894.41 9.22 2371.72 892.42 9.14 
2372.60 894.12 8.42 -0.01 -0.03 0.00 161.58 2356.30 866.45 7.36 -0.11 -0.00 0.00 -0.00 -0.10 0.43 2372.14 893.73 9.18 2371.47 891.78 9.12 
2372.52 893.88 8.41 -0.01 -0.03 0.00 161.58 2355.63 866.43 7.35 -0.11 -0.00 0.00 0.00 -0.09 0.41 2372.06 893.49 9.17 2371.39 891.55 9.09 
2372.43 893.60 8.40 -0.01 -0.03 0.00 161.58 2355.18 866.42 7.35 -0.10 -0.00 0.00 -0.02 -0.07 0.40 2371.98 893.26 9.16 2371.30 891.28 9.07 
2372.36 893.41 8.39 -0.01 -0.03 0.00 161.58 2354.27 866.39 7.35 -0.11 -0.00 0.00 0.26 -0.20 0.41 2371.90 893.02 9.15 2371.34 891.34 9.06 
2371.64 891.48 8.31 -0.01 -0.03 0.00 158.00 2355.17 866.52 7.37 0.08 0.08 0.00 -0.14 0.25 0.42 2371.15 891.12 9.07 2370.54 889.60 9.01 
2371.50 891.14 8.30 -0.01 -0.03 0.00 158.00 2355.85 867.24 7.47 0.07 0.08 0.00 -0.14 0.27 0.42 2371.02 890.78 9.06 2370.41 889.27 9.00 
2371.40 890.88 8.29 -0.01 -0.03 0.00 158.00 2356.35 867.77 7.55 0.07 0.07 0.00 -0.17 0.36 0.43 2370.91 890.52 9.06 2370.33 889.07 9.00 
2371.29 890.62 8.29 -0.01 -0.03 0.00 158.00 2356.85 868.30 7.63 0.08 0.08 0.00 -0.15 0.30 0.44 2370.82 890.30 9.05 2370.22 888.81 9.01 
2371.15 890.27 8.28 -0.01 -0.03 0.00 158.00 2357.54 869.04 7.73 0.07 0.07 0.00 -0.12 0.18 0.43 2370.66 889.91 9.05 2370.01 888.31 8.99 
2371.01 889.93 8.28 -0.01 -0.03 0.00 158.00 2358.28 869.82 7.85 0.08 0.08 0.00 -0.14 0.23 0.41 2370.52 889.57 9.04 2369.88 888.01 8.98 
2369.97 887.77 8.25 -0.01 -0.03 0.00 160.01 2363.24 871.61 7.97 0.08 -0.07 0.00 -0.03 -0.12 0.40 2369.49 887.39 9.00 2368.81 885.48 8.87 
2369.88 887.51 8.24 -0.01 -0.03 0.00 161.36 2363.78 871.10 7.92 0.08 -0.07 0.00 -0.07 -0.08 0.39 2369.43 887.14 8.99 2368.83 885.24 8.84 
2369.83 887.35 8.24 -0.00 -0.03 0.00 166.50 2364.26 870.65 7.87 0.08 -0.08 0.00 -0.09 -0.10 0.40 2369.39 886.86 8.97 2368.98 884.91 8.76 
2369.76 887.03 8.23 -0.00 -0.04 0.00 170.98 2364.71 870.22 7.83 0.08 -0.07 0.00 -0.02 -0.12 0.42 2369.37 886.58 8.96 2369.06 884.56 8.72 
2369.73 886.82 8.22 -0.00 -0.04 0.00 171.20 2365.25 869.72 7.78 0.07 -0.07 0.00 0.01 -0.08 0.43 2369.34 886.33 8.95 2369.03 884.26 8.70 
2369.70 886.61 8.22 -0.00 -0.04 0.00 171.43 2365.68 869.31 7.74 0.08 -0.08 0.00 0.01 -0.11 0.42 2369.30 886.08 8.94 2368.98 884.01 8.69 
2369.68 885.42 8.17 0.00 -0.04 0.00 187.77 2368.28 866.86 7.42 0.07 -0.07 0.00 0.01 -0.08 0.46 2369.44 884.83 8.88 2369.74 882.73 8.53 
2369.82 884.54 8.13 0.00 -0.03 0.00 190.00 2369.94 865.30 7.19 0.08 -0.07 0.00 -0.00 -0.13 0.42 2369.60 883.96 8.88 2369.95 881.94 8.73 
2369.89 884.14 8.12 0.00 -0.03 0.00 193.59 2370.31 864.37 7.06 -0.02 -0.11 0.00 -0.04 -0.14 0.41 2369.71 883.55 8.86 2370.21 881.59 8.73 
2369.95 883.95 8.11 0.01 -0.03 0.00 204.78 2369.92 863.85 6.98 -0.07 -0.07 0.00 0.01 -0.12 0.40 2369.92 883.30 8.85 2370.88 881.52 8.71 
2371.58 877.96 7.84 0.00 -0.04 0.00 188.44 2368.58 845.48 6.72 0.00 -0.16 0.00 -0.03 -0.06 0.52 2371.35 877.36 8.57 2371.69 874.95 8.33 
2371.80 876.29 7.81 0.00 -0.04 0.00 182.62 2368.68 842.17 6.75 0.00 -0.07 0.00 0.00 -0.25 0.42 2371.51 875.76 8.57 2371.60 873.88 8.47 
2371.81 876.05 7.80 0.00 -0.04 0.00 182.62 2368.70 841.38 6.71 0.00 -0.10 0.00 0.00 -0.07 0.39 2371.62 875.55 8.42 2371.61 873.41 8.42 
2371.90 873.08 7.74 -0.00 -0.04 0.00 177.97 2366.44 832.44 7.48 -0.11 -0.12 0.04 -0.01 -0.14 0.34 2371.58 872.55 8.46 2371.51 870.47 8.27 
2371.51 870.16 7.52 -0.00 -0.04 0.00 168.96 2359.67 825.25 7.46 -0.11 -0.12 -0.04 -0.11 -0.02 0.43 2371.10 869.71 8.29 2370.66 867.50 8.22 
2370.50 866.04 7.30 -0.01 -0.03 0.00 163.37 2350.67 815.38 8.55 -0.11 -0.12 -0.00 -0.05 -0.05 0.39 2370.06 865.65 8.07 2369.44 863.59 8.06 
2370.42 865.78 7.26 -0.01 -0.03 0.00 163.37 2350.38 815.07 8.48 -0.11 -0.12 -0.03 -0.06 -0.03 0.44 2369.99 865.43 8.04 2369.36 863.34 8.02 
2370.34 865.52 7.22 -0.01 -0.03 0.00 163.37 2349.59 814.23 8.19 -0.07 -0.07 0.00 -0.00 -0.09 0.41 2369.90 865.12 7.99 2369.32 863.17 7.98 
2370.23 865.13 7.17 -0.01 -0.03 0.00 163.37 2348.87 813.44 8.31 -0.07 -0.07 0.00 -0.00 -0.08 0.40 2369.78 864.74 7.93 2369.20 862.76 7.93 
2369.98 864.39 7.06 -0.01 -0.03 0.00 157.55 2347.56 811.94 8.52 -0.06 -0.09 0.00 0.01 -0.09 0.40 2369.50 864.05 7.82 2368.71 862.15 7.81 
2369.24 862.61 6.87 -0.01 -0.03 0.00 156.65 2344.60 807.67 9.14 -0.02 -0.11 0.00 0.02 -0.09 0.41 2368.75 862.29 7.66 2367.94 860.42 7.73 
2369.12 862.35 6.86 -0.01 -0.03 0.00 156.65 2344.90 806.91 9.25 0.07 -0.07 0.00 0.00 -0.12 0.40 2368.66 862.07 7.66 2367.87 860.26 7.72 
2368.31 860.13 6.79 -0.01 -0.03 0.00 165.38 2349.16 801.62 9.29 0.08 -0.08 0.00 0.01 -0.09 0.41 2367.87 859.73 7.58 2367.35 857.73 7.60 
2368.19 859.69 6.78 -0.01 -0.04 0.00 165.38 2350.02 800.76 9.27 0.08 -0.07 0.00 -0.00 -0.08 0.40 2367.75 859.24 7.56 2367.26 857.27 7.58 
2368.09 858.38 6.74 0.00 -0.04 0.00 185.53 2351.42 798.29 9.23 0.00 -0.01 0.00 0.01 -0.18 0.41 2367.83 857.84 7.50 2368.00 855.96 7.44 
2368.12 858.09 6.73 0.00 -0.04 0.00 185.53 2351.42 798.29 9.23 0.00 0.00 0.00 0.01 -0.15 0.40 2367.85 857.59 7.50 2368.03 855.70 7.43 
2368.18 857.38 6.73 0.00 0.00 0.00 171.39 2351.42 798.29 9.23 0.00 0.00 0.00 -0.02 -0.12 0.56 2367.80 856.99 7.47 2367.50 855.02 7.29 
2368.18 857.38 6.73 0.00 0.00 0.00 171.39 2351.42 798.29 9.23 0.00 0.00 0.00 -0.03 -0.15 0.42 2367.80 856.99 7.47 2367.51 855.06 7.30 
2368.18 857.38 6.73 0.00 0.00 0.00 171.17 2351.42 798.29 9.23 0.00 0.00 0.00 -0.02 -0.18 0.42 2367.80 856.99 7.48 2367.50 855.09 7.33 
2368.18 857.38 6.73 0.00 0.00 0.00 171.17 2351.43 798.12 9.23 0.00 -0.03 0.00 -0.02 -0.16 0.41 2367.80 856.99 7.48 2367.48 855.04 7.33 
2368.18 857.38 6.73 0.00 0.00 0.00 177.66 2354.60 798.30 9.09 0.10 0.11 0.00 -0.28 0.13 0.42 2367.84 856.98 7.51 2367.77 855.31 7.51 
2368.18 857.38 6.73 0.00 0.00 0.00 183.48 2362.82 799.97 8.55 0.26 0.00 0.00 0.10 -0.22 0.41 2367.89 856.94 7.51 2368.04 854.75 7.49 
2368.18 857.38 6.73 0.00 0.00 0.00 197.13 2366.88 798.52 8.40 0.08 -0.21 0.00 0.05 0.07 0.39 2368.00 856.88 7.50 2368.71 854.58 7.45 
2368.18 857.38 6.73 0.00 0.00 0.00 200.26 2366.90 797.09 8.45 -0.04 -0.19 0.00 -0.21 0.14 0.37 2368.04 856.87 7.50 2368.92 854.56 7.42 
2368.18 857.38 6.73 0.00 0.00 0.00 202.72 2365.96 795.95 8.54 -0.17 -0.18 0.00 -0.34 0.03 0.38 2368.06 856.86 7.50 2369.05 854.60 7.41 
2368.45 857.13 6.73 0.00 0.00 0.00 163.11 2345.14 783.99 9.66 -0.18 -0.00 0.00 -0.29 -0.14 0.40 2368.03 856.83 7.51 2367.33 854.52 7.50 
2363.63 850.30 6.74 -0.02 -0.03 0.00 140.03 2291.91 761.30 10.94 -0.07 -0.07 0.00 -0.00 -0.09 0.41 2363.07 850.13 7.53 2361.76 848.57 7.59 
2363.26 849.85 6.74 -0.02 -0.03 0.00 140.03 2290.59 759.89 10.98 -0.07 -0.07 0.00 -0.00 -0.10 0.42 2362.70 849.68 7.53 2361.40 848.12 7.59 
2362.77 849.27 6.74 -0.02 -0.03 0.00 140.03 2290.35 758.14 10.92 0.00 -0.11 0.00 0.06 -0.07 0.42 2362.21 849.10 7.53 2360.86 847.50 7.59 
2361.99 848.33 6.74 -0.02 -0.03 0.00 140.47 2290.17 754.38 10.72 -0.07 -0.08 0.00 0.00 -0.10 0.41 2361.43 848.15 7.53 2360.12 846.57 7.59 
2361.81 848.12 6.74 -0.02 -0.03 0.00 140.47 2289.79 753.97 10.70 -0.07 -0.08 0.00 -0.02 -0.08 0.45 2361.28 847.97 7.53 2359.88 846.27 7.60 
2361.55 847.81 6.74 -0.02 -0.03 0.00 140.47 2288.83 752.96 10.66 -0.07 -0.08 0.00 0.00 -0.10 0.42 2360.99 847.63 7.53 2359.69 846.06 7.60 
2359.54 845.02 6.71 -0.02 -0.03 0.00 145.84 2287.98 759.42 10.96 0.10 0.11 0.00 -0.09 0.44 -0.13 2359.00 844.79 7.50 2358.21 843.61 7.53 
2359.38 844.78 6.71 -0.02 -0.03 0.00 145.84 2288.94 760.44 11.00 0.16 0.17 0.00 -0.12 0.17 -0.06 2358.86 844.59 7.50 2358.23 843.65 7.53 
2359.29 844.65 6.71 -0.02 -0.03 0.00 145.84 2289.82 761.38 11.01 0.11 0.12 0.00 -0.08 0.16 -0.14 2358.73 844.39 7.50 2357.90 843.17 7.54 
2359.02 844.25 6.70 -0.02 -0.03 0.00 145.84 2291.26 762.90 10.96 0.13 0.13 0.00 -0.09 0.29 0.41 2358.48 844.02 7.49 2357.61 842.77 7.52 
2358.86 844.03 6.76 -0.01 -0.02 0.00 145.84 2291.74 763.42 10.95 0.12 0.13 0.00 -0.14 0.51 0.45 2358.35 843.83 7.58 2357.73 842.92 7.60 
2358.77 843.89 6.91 -0.01 -0.02 0.00 145.84 2292.93 764.68 10.89 0.12 0.13 0.00 -0.08 0.27 0.42 2358.24 843.67 7.76 2357.38 842.41 7.78 
2358.25 843.13 7.68 -0.02 -0.03 0.00 145.84 2293.25 769.18 10.83 -0.00 0.14 0.00 0.20 0.13 0.41 2357.72 842.90 8.47 2356.77 841.51 8.51 
2357.70 842.31 6.91 -0.01 -0.02 0.00 146.07 2295.98 770.75 10.82 0.10 0.00 0.00 -0.34 0.13 0.38 2357.17 842.09 7.64 2356.27 840.75 7.67 
2357.31 841.72 6.71 -0.02 -0.03 0.00 146.07 2297.73 772.09 10.77 0.09 0.05 0.00 -0.14 0.23 0.40 2356.77 841.48 7.48 2355.85 840.11 7.52 
2356.95 841.17 6.72 -0.02 -0.03 0.00 148.31 2299.14 771.64 10.76 0.08 -0.07 0.00 0.11 -0.10 0.41 2356.42 840.91 7.50 2355.28 839.09 7.55 
2356.50 840.46 6.73 -0.02 -0.03 0.00 146.96 2300.94 769.95 10.70 0.07 -0.07 0.00 -0.05 -0.11 0.41 2355.97 840.22 7.52 2354.91 838.57 7.59 
2356.17 839.95 6.74 -0.02 -0.03 0.00 146.96 2302.49 769.84 10.70 0.07 0.07 0.00 -0.14 0.26 0.39 2355.64 839.71 7.53 2354.76 838.36 7.60 
2355.92 839.57 6.74 -0.02 -0.03 0.00 146.96 2303.26 770.66 10.72 0.08 0.08 0.00 -0.08 0.28 0.39 2355.39 839.33 7.53 2354.51 837.99 7.59 
2355.31 838.63 6.74 -0.02 -0.03 0.00 146.96 2306.05 771.91 10.75 0.10 0.00 0.00 -0.35 0.13 0.39 2354.78 838.40 7.53 2353.91 837.05 7.59 
2354.99 838.14 6.74 -0.02 -0.03 0.00 146.96 2307.30 770.93 10.72 0.08 -0.07 0.00 -0.32 -0.17 0.41 2354.46 837.90 7.53 2353.53 836.48 7.60 
2354.45 837.30 6.74 -0.02 -0.03 0.00 146.96 2309.41 768.94 10.66 0.08 -0.07 0.00 0.18 -0.07 0.41 2353.92 837.06 7.53 2352.72 835.21 7.60 
2354.18 836.88 6.74 -0.02 -0.03 0.00 146.96 2310.33 768.08 10.65 0.08 -0.07 0.00 -0.36 -0.15 0.39 2353.65 836.65 7.53 2352.75 835.25 7.60 
2353.81 836.32 6.74 -0.02 -0.03 0.00 145.62 2312.12 767.62 10.62 0.11 0.00 0.00 -0.34 0.11 0.39 2353.27 836.10 7.54 2352.36 834.78 7.62 
2353.67 836.12 6.74 -0.02 -0.03 0.00 145.62 2312.80 767.64 10.61 0.10 0.00 0.00 -0.36 0.13 0.40 2353.13 835.90 7.54 2352.24 834.60 7.61 
2353.56 835.95 6.74 -0.02 -0.03 0.00 145.62 2313.35 767.66 10.60 0.11 0.00 0.00 -0.36 0.01 0.39 2353.00 835.70 7.54 2352.13 834.44 7.60 
2353.38 835.69 6.74 -0.02 -0.03 0.00 145.62 2314.28 767.68 10.59 0.11 0.00 0.00 -0.22 -0.04 0.41 2352.83 835.45 7.54 2351.86 834.03 7.60 
2353.20 835.43 6.74 -0.02 -0.03 0.00 145.62 2315.24 768.47 10.57 0.08 0.08 0.00 -0.18 0.21 0.42 2352.65 835.19 7.54 2351.90 834.06 7.60 
2352.79 834.82 6.74 -0.02 -0.03 0.00 145.62 2316.52 769.56 10.55 0.09 0.06 0.00 -0.12 0.25 0.41 2352.25 834.60 7.54 2351.33 833.26 7.62 
2352.47 834.36 6.74 -0.02 -0.03 0.00 145.62 2317.84 770.96 10.52 0.07 0.07 0.00 -0.06 0.25 0.39 2351.93 834.14 7.54 2351.00 832.79 7.61 
2351.82 833.42 6.73 -0.02 -0.03 0.00 145.62 2320.78 771.19 10.47 0.11 0.00 0.00 -0.31 0.12 0.40 2351.29 833.20 7.53 2350.38 831.86 7.62 
2351.20 832.50 6.73 -0.02 -0.03 0.00 145.62 2324.15 771.30 10.39 0.11 0.00 0.00 -0.31 0.12 0.39 2350.66 832.29 7.53 2349.74 830.94 7.60 
2349.41 828.93 6.73 -0.01 -0.03 0.00 151.89 2320.12 770.69 10.49 -0.08 -0.08 0.00 -0.01 -0.07 0.41 2348.91 828.67 7.53 2347.94 826.85 7.66 
2349.05 828.30 6.74 -0.02 -0.03 0.00 146.96 2318.77 769.25 10.51 -0.08 -0.08 0.00 -0.00 -0.12 0.41 2348.52 828.07 7.55 2347.43 826.39 7.69 
2348.90 828.06 6.74 -0.02 -0.03 0.00 146.96 2318.33 768.79 10.52 -0.08 -0.08 0.00 -0.00 -0.11 0.41 2348.39 827.87 7.55 2347.30 826.19 7.70 
2348.70 827.77 6.75 -0.02 -0.03 0.00 146.96 2317.48 768.31 10.54 -0.10 -0.00 0.00 -0.20 0.01 0.44 2348.17 827.54 7.56 2346.95 825.66 7.73 
2348.16 826.94 6.78 -0.02 -0.03 0.00 146.96 2316.12 770.49 10.55 -0.00 0.11 0.00 0.22 0.18 0.38 2347.64 826.71 7.59 2346.76 825.36 7.69 
2348.01 826.71 6.79 -0.02 -0.03 0.00 146.74 2316.08 771.54 10.55 -0.00 0.10 0.00 0.23 0.09 0.40 2347.51 826.52 7.60 2346.66 825.21 7.70 
2347.75 826.32 6.80 -0.02 -0.03 0.00 143.61 2316.19 772.65 10.57 0.05 0.10 0.00 0.07 0.27 0.39 2347.21 826.12 7.61 2346.27 824.84 7.73 
2347.58 826.09 6.80 -0.02 -0.03 0.00 143.61 2316.82 773.32 10.57 0.07 0.07 0.00 -0.05 0.30 0.39 2347.06 825.93 7.61 2346.21 824.78 7.72 
2347.17 825.54 6.82 -0.02 -0.03 0.00 143.38 2318.60 774.18 10.55 0.09 0.05 0.00 -0.33 0.24 0.37 2346.63 825.34 7.63 2345.71 824.11 7.73 
2346.70 824.91 6.84 -0.02 -0.03 0.00 143.61 2320.03 775.70 10.52 0.07 0.07 0.00 -0.06 0.46 0.37 2346.16 824.71 7.65 2345.32 823.56 7.73 
2346.30 824.34 6.86 -0.02 -0.03 0.00 145.84 2321.46 777.21 10.51 0.07 0.08 0.00 -0.09 0.40 0.40 2345.76 824.12 7.66 2344.93 822.90 7.74 
2346.05 823.97 6.87 -0.02 -0.03 0.00 145.84 2322.34 778.15 10.49 0.07 0.08 0.00 -0.06 0.24 0.39 2345.51 823.75 7.67 2344.58 822.39 7.74 
2345.92 823.78 6.87 -0.02 -0.03 0.00 145.84 2322.78 778.43 10.47 0.10 0.03 0.00 -0.30 0.36 0.37 2345.38 823.56 7.68 2344.56 822.35 7.73 
2345.00 822.50 6.99 -0.02 -0.03 0.00 144.50 2326.81 779.24 10.34 0.01 0.10 0.00 0.09 0.34 0.38 2344.46 822.29 7.80 2343.55 821.03 7.88 
2344.07 821.18 7.18 -0.02 -0.03 0.00 142.49 2322.88 780.27 10.47 -0.08 0.07 0.00 0.36 -0.14 0.40 2343.55 821.02 7.98 2342.57 819.73 8.08 
2343.49 820.43 7.29 -0.02 -0.03 0.00 138.91 2321.64 782.54 10.49 -0.00 0.12 0.00 0.27 0.19 0.37 2342.96 820.31 8.09 2341.89 819.12 8.16 
2343.36 820.28 7.31 -0.02 -0.03 0.00 137.34 2321.62 783.13 10.49 -0.00 0.11 0.00 0.25 0.13 0.37 2342.80 820.14 8.12 2341.68 818.91 8.19 
2343.19 820.10 7.34 -0.02 -0.03 0.00 137.34 2321.60 783.69 10.48 -0.00 0.10 0.00 0.27 0.15 0.39 2342.63 819.96 8.15 2341.53 818.74 8.22 
2342.75 819.62 7.40 -0.02 -0.02 0.00 137.34 2322.07 785.50 10.44 0.07 0.08 0.00 0.03 0.25 0.40 2342.19 819.48 8.21 2341.08 818.28 8.31 
2342.33 819.16 7.47 -0.02 -0.02 0.00 138.68 2323.37 786.88 10.39 0.07 0.08 0.00 -0.01 0.29 0.38 2341.77 819.01 8.28 2340.72 817.81 8.37 
2342.15 818.95 7.50 -0.02 -0.03 0.00 139.13 2323.87 787.41 10.37 0.09 0.10 0.00 -0.02 0.29 0.39 2341.62 818.82 8.31 2340.58 817.63 8.38 
2341.94 818.70 7.54 -0.02 -0.03 0.00 139.80 2324.61 788.19 10.34 0.10 0.10 0.00 -0.01 0.29 0.37 2341.38 818.54 8.35 2340.37 817.33 8.43 
2341.55 818.25 7.60 -0.02 -0.03 0.00 139.13 2326.48 790.18 10.26 0.12 0.13 0.00 0.01 0.33 0.67 2340.99 818.06 8.41 2340.29 817.21 8.46 
2341.04 817.47 7.72 -0.02 -0.03 0.00 146.96 2329.52 793.41 10.14 0.14 0.14 0.00 -0.11 0.25 0.37 2340.52 817.25 8.55 2339.66 816.00 8.68 
2340.71 817.00 7.79 -0.02 -0.03 0.00 142.49 2331.61 795.62 10.05 0.11 0.12 0.00 -0.03 0.27 0.35 2340.17 816.82 8.61 2339.21 815.57 8.75 
2340.41 816.62 7.84 -0.02 -0.03 0.00 142.26 2332.93 797.03 10.00 0.14 0.15 0.00 -0.04 0.28 0.38 2339.87 816.44 8.66 2338.97 815.26 8.79 
2340.19 816.33 7.88 -0.02 -0.03 0.00 143.61 2334.21 798.39 9.94 0.15 0.16 0.00 -0.06 0.28 0.40 2339.65 816.13 8.70 2338.76 814.94 8.78 
2339.38 815.13 8.06 -0.02 -0.03 0.00 144.28 2330.22 800.60 10.03 -0.17 -0.00 0.00 -0.08 -0.09 0.43 2338.83 814.93 8.87 2337.55 813.21 8.96 
2338.63 814.24 8.19 -0.02 -0.03 0.00 140.25 2324.85 800.44 10.18 -0.17 -0.00 0.00 -0.17 -0.04 0.42 2338.07 814.04 8.99 2336.73 812.27 9.06 
2338.48 814.04 8.22 -0.02 -0.03 0.00 145.17 2323.07 800.38 10.23 -0.17 -0.00 0.00 -0.13 -0.08 0.39 2337.94 813.81 9.02 2336.74 811.99 9.06 
2336.44 810.47 8.77 -0.02 -0.03 0.00 149.43 2311.88 791.53 10.63 -0.07 -0.07 0.00 0.03 -0.05 0.42 2335.92 810.22 9.58 2334.87 808.45 9.67 
2336.10 809.90 8.86 -0.02 -0.03 0.00 144.73 2310.62 790.20 10.68 -0.07 -0.08 0.00 0.00 -0.12 0.41 2335.55 809.69 9.66 2334.36 808.08 9.73 
2335.79 809.53 8.92 -0.02 -0.02 0.00 136.00 2309.74 789.26 10.69 -0.08 -0.08 0.00 0.00 -0.09 0.42 2335.22 809.39 9.73 2333.80 807.92 9.80 
2335.44 809.16 8.99 -0.02 -0.02 0.00 136.00 2308.74 788.20 10.70 -0.08 -0.08 0.00 0.00 -0.08 0.40 2334.87 809.03 9.79 2333.44 807.57 9.85 
2335.22 808.94 9.02 -0.02 -0.02 0.00 136.00 2308.19 787.61 10.70 -0.08 -0.08 0.00 0.00 -0.09 0.45 2334.68 808.84 9.82 2333.20 807.31 9.88 
2334.97 808.68 9.07 -0.02 -0.02 0.00 136.00 2307.34 786.71 10.71 -0.07 -0.07 0.00 -0.01 -0.06 0.42 2334.40 808.55 9.87 2332.98 807.06 9.93 
2334.55 808.26 9.14 -0.02 -0.02 0.00 134.43 2306.21 785.51 10.72 -0.07 -0.07 0.00 0.00 0.13 0.55 2333.97 808.13 9.94 2332.34 806.52 10.00 
2334.34 808.05 9.18 -0.02 -0.02 0.00 134.43 2305.68 784.95 10.73 -0.08 -0.08 0.00 0.02 -0.02 0.47 2333.80 807.96 9.97 2332.18 806.39 10.03 
2334.07 807.80 9.22 -0.02 -0.02 0.00 132.19 2304.96 784.18 10.73 -0.07 -0.08 0.00 0.02 -0.07 0.41 2333.49 807.70 10.02 2331.94 806.32 10.05 
2333.70 807.46 9.28 -0.02 -0.02 0.00 132.19 2303.93 783.09 10.74 -0.07 -0.08 0.00 -0.02 -0.06 0.50 2333.12 807.35 10.08 2331.60 805.94 10.07 
2333.50 807.27 9.32 -0.02 -0.02 0.00 135.33 2303.54 782.68 10.75 -0.07 -0.08 0.00 -0.01 -0.02 0.46 2332.94 807.16 10.10 2331.46 805.64 10.08 
2333.35 807.12 9.34 -0.02 -0.02 0.00 135.33 2302.97 782.07 10.77 -0.08 -0.08 0.00 -0.01 -0.01 0.46 2332.77 806.99 10.13 2331.24 805.40 10.12 
2333.12 806.89 9.38 -0.02 -0.02 0.00 135.77 2302.37 781.44 10.78 -0.08 -0.08 0.00 -0.00 -0.06 0.49 2332.54 806.75 10.17 2331.10 805.25 10.18 
2332.71 806.46 9.46 -0.02 -0.02 0.00 136.67 2301.29 780.29 10.81 -0.08 -0.08 0.00 0.01 -0.09 0.41 2332.14 806.32 10.26 2330.73 804.84 10.33 
2332.34 806.08 9.52 -0.02 -0.02 0.00 132.64 2300.33 779.27 10.82 -0.07 -0.08 0.00 0.04 -0.09 0.40 2331.77 806.00 10.33 2330.25 804.65 10.44 
2331.94 805.74 9.58 -0.03 -0.02 0.00 129.95 2299.17 778.03 10.82 -0.07 -0.08 0.00 -0.03 -0.10 0.39 2331.37 805.67 10.39 2329.85 804.35 10.49 
2331.47 805.34 9.65 -0.03 -0.02 0.00 126.37 2298.18 776.99 10.82 -0.07 -0.08 0.00 0.00 -0.10 0.42 2330.89 805.31 10.46 2329.24 804.12 10.54 
2331.28 805.21 9.68 -0.03 -0.02 0.00 125.70 2297.81 776.33 10.82 0.00 -0.06 0.00 0.00 -0.09 0.43 2330.70 805.18 10.48 2329.04 804.00 10.56 
2330.98 805.00 9.72 -0.03 -0.02 0.00 125.48 2297.82 776.18 10.82 0.00 -0.00 0.00 -0.09 -0.10 0.37 2330.40 804.97 10.51 2328.84 803.90 10.53 
2330.76 804.84 9.75 -0.03 -0.02 0.00 124.58 2297.82 776.18 10.82 0.00 0.00 0.00 -0.12 -0.08 0.40 2330.19 804.83 10.52 2328.63 803.76 10.48 
2330.58 804.72 9.77 -0.03 -0.02 0.00 124.58 2297.82 776.18 10.82 0.00 0.00 0.00 -0.13 -0.07 0.38 2329.99 804.69 10.55 2328.44 803.61 10.49 
2330.25 804.49 9.81 -0.03 -0.02 0.00 125.48 2297.82 776.18 10.82 0.00 0.00 0.00 -0.13 -0.07 0.47 2329.65 804.45 10.59 2328.12 803.33 10.53 
2329.67 804.06 9.89 -0.03 -0.02 0.00 127.27 2298.21 776.06 10.82 0.04 -0.01 0.00 -0.23 0.11 0.43 2329.08 804.00 10.68 2327.67 802.94 10.68 
2328.48 803.13 10.05 -0.02 -0.02 0.00 133.31 2299.05 773.19 10.80 -0.03 -0.10 0.00 -0.00 -0.09 0.42 2327.90 803.02 10.83 2326.41 801.60 10.85 
2328.28 802.94 10.05 -0.02 -0.02 0.00 133.31 2298.94 772.84 10.79 -0.03 -0.10 0.00 0.08 -0.05 0.44 2327.73 802.85 10.84 2326.15 801.36 10.87 
2327.82 802.49 10.07 -0.02 -0.03 0.00 141.14 2298.15 770.37 10.72 -0.01 -0.11 0.00 0.13 -0.01 0.46 2327.25 802.28 10.86 2325.76 800.45 10.84 
2326.26 800.18 10.15 -0.01 -0.03 0.00 156.36 2304.88 767.60 10.67 0.10 -0.03 0.00 -0.14 -0.04 0.41 2325.77 799.83 10.92 2325.08 798.08 10.88 
2326.06 799.66 10.16 -0.01 -0.03 0.00 159.72 2306.52 767.05 10.67 0.10 -0.03 0.00 -0.34 -0.04 0.43 2325.60 799.28 10.93 2325.09 797.66 10.92 
2325.80 798.82 10.18 -0.01 -0.03 0.00 163.75 2308.82 766.99 10.67 0.09 0.04 0.00 -0.35 0.18 0.41 2325.36 798.40 10.95 2324.96 796.90 10.91 
2325.73 798.58 10.18 -0.00 -0.04 0.00 168.67 2309.16 767.16 10.67 0.10 0.05 0.00 -0.35 0.15 0.40 2325.32 798.14 10.96 2325.02 796.57 10.91 
2325.66 798.18 10.19 -0.00 -0.03 0.00 170.02 2310.29 767.88 10.65 0.06 0.09 0.00 -0.15 0.18 0.41 2325.26 797.73 10.96 2324.98 796.05 10.93 
2325.61 797.87 10.19 -0.00 -0.03 0.00 170.02 2310.53 768.57 10.64 0.03 0.10 0.00 -0.06 0.27 0.42 2325.21 797.42 10.97 2324.93 795.80 10.95 
2325.40 797.02 10.21 -0.01 -0.03 0.00 154.57 2311.38 771.13 10.65 0.03 0.11 0.00 0.04 0.28 0.41 2324.91 796.70 10.99 2324.17 795.24 10.98 
2325.29 796.79 10.21 -0.01 -0.03 0.00 152.34 2311.60 771.76 10.66 0.03 0.10 0.00 0.02 0.29 0.41 2324.77 796.52 11.00 2323.92 795.12 10.97 
2325.07 796.46 10.23 -0.02 -0.03 0.00 138.68 2312.31 772.23 10.66 0.11 0.02 0.00 -0.20 0.19 0.41 2324.50 796.30 11.00 2323.36 795.03 10.96 
2322.93 792.81 10.33 -0.01 -0.03 0.00 156.36 2317.59 764.88 10.55 -0.03 -0.10 0.00 0.00 -0.09 0.41 2322.44 792.46 11.10 2321.61 790.57 11.05 
2322.76 792.39 10.34 -0.01 -0.03 0.00 156.36 2317.22 763.77 10.56 -0.03 -0.10 0.00 0.00 -0.04 0.41 2322.26 792.05 11.11 2321.41 790.11 11.07 
2322.61 792.06 10.35 -0.01 -0.03 0.00 156.36 2316.86 762.70 10.58 -0.03 -0.11 0.00 0.01 0.02 0.41 2322.11 791.72 11.12 2321.24 789.72 11.08 
2322.48 791.76 10.36 -0.01 -0.03 0.00 156.36 2316.56 761.81 10.58 -0.03 -0.11 0.00 0.02 0.05 0.42 2321.98 791.42 11.13 2321.08 789.37 11.07 
2322.35 791.46 10.36 -0.01 -0.03 0.00 156.59 2316.27 760.94 10.59 -0.03 -0.10 0.00 0.01 0.22 0.38 2321.86 791.12 11.14 2320.93 788.94 11.07 
2322.13 790.92 10.38 -0.01 -0.03 0.00 158.60 2315.77 759.44 10.64 -0.03 -0.10 0.00 0.00 0.16 0.41 2321.65 790.56 11.15 2320.81 788.39 11.09 
2322.03 790.66 10.38 -0.01 -0.03 0.00 158.60 2315.51 758.68 10.67 -0.03 -0.11 0.00 -0.00 0.04 0.42 2321.55 790.30 11.16 2320.75 788.24 11.11 
2321.91 790.36 10.39 -0.01 -0.03 0.00 158.60 2315.19 757.71 10.71 -0.03 -0.10 0.00 0.02 0.24 0.43 2321.43 790.00 11.16 2320.55 787.75 11.12 
2321.78 790.02 10.40 -0.01 -0.03 0.00 158.60 2314.94 756.98 10.73 -0.03 -0.10 0.00 0.02 0.13 0.40 2321.30 789.66 11.17 2320.45 787.54 11.12 
2321.68 789.76 10.40 -0.01 -0.03 0.00 158.60 2314.68 756.19 10.76 -0.03 -0.11 0.00 0.02 0.03 0.39 2321.19 789.40 11.18 2320.38 787.37 11.11 
2321.32 788.86 10.43 -0.01 -0.03 0.00 158.60 2312.33 754.86 10.81 -0.10 -0.05 0.00 -0.13 0.01 0.41 2320.84 788.50 11.20 2320.05 786.42 11.15 
2320.91 787.81 10.45 -0.01 -0.03 0.00 158.60 2309.35 753.38 10.82 -0.10 -0.05 0.00 -0.11 0.04 0.39 2320.42 787.41 11.22 2319.59 785.34 11.15 
2320.68 787.21 10.46 -0.01 -0.03 0.00 158.60 2308.02 752.71 10.82 -0.09 -0.04 0.00 -0.19 0.08 0.39 2320.19 786.85 11.24 2319.37 784.68 11.17 
2320.26 786.16 10.49 -0.01 -0.03 0.00 158.60 2304.91 751.17 10.82 -0.10 -0.05 0.00 -0.08 0.01 0.40 2319.78 785.80 11.26 2318.96 783.76 11.21 
2320.13 785.82 10.50 -0.01 -0.03 0.00 158.60 2304.21 750.82 10.82 -0.09 -0.04 0.00 0.16 -0.27 0.40 2319.65 785.46 11.27 2318.98 783.78 11.21 
2320.00 785.48 10.51 -0.01 -0.03 0.00 158.60 2303.06 750.24 10.82 -0.09 -0.04 0.00 -0.10 -0.00 0.39 2319.52 785.12 11.28 2318.72 783.06 11.21 
2319.61 784.50 10.53 -0.01 -0.03 0.00 158.60 2300.86 748.60 10.81 -0.03 -0.10 0.00 0.01 0.01 0.42 2319.13 784.14 11.30 2318.33 782.12 11.26 
2319.48 784.17 10.53 -0.01 -0.03 0.00 158.60 2300.50 747.53 10.81 -0.03 -0.10 0.00 0.02 0.07 0.40 2319.00 783.81 11.31 2318.17 781.74 11.25 
2319.38 783.91 10.54 -0.01 -0.03 0.00 158.60 2300.29 746.92 10.81 -0.03 -0.10 0.00 0.01 -0.04 0.39 2318.90 783.55 11.31 2318.12 781.59 11.25 
2319.03 783.02 10.56 -0.01 -0.03 0.00 158.60 2299.32 744.02 10.82 -0.04 -0.12 0.00 -0.00 -0.05 0.42 2318.55 782.66 11.34 2317.79 780.68 11.30 
2318.92 782.72 10.57 -0.01 -0.03 0.00 158.60 2298.87 742.66 10.82 -0.05 -0.16 0.00 0.01 -0.06 0.43 2318.44 782.36 11.34 2317.65 780.37 11.31 
2318.79 782.39 10.57 -0.01 -0.03 0.00 158.60 2298.38 741.20 10.82 -0.05 -0.16 0.00 0.02 -0.10 0.41 2318.31 782.03 11.35 2317.51 780.06 11.29 
2318.67 782.09 10.58 -0.01 -0.03 0.00 158.60 2297.91 739.81 10.82 -0.06 -0.19 0.00 0.01 -0.11 0.39 2318.19 781.73 11.35 2317.40 779.73 11.28 
2318.57 781.83 10.58 -0.01 -0.03 0.00 158.60 2297.56 738.77 10.82 -0.05 -0.15 0.00 -0.00 -0.10 0.41 2318.09 781.46 11.35 2317.31 779.48 11.28 
2318.47 781.59 10.59 -0.01 -0.03 0.00 158.60 2297.16 737.58 10.82 -0.05 -0.16 0.00 -0.01 -0.06 0.41 2317.99 781.23 11.36 2317.23 779.22 11.30 
2318.40 781.40 10.59 -0.01 -0.03 0.00 158.60 2297.05 737.23 10.82 -0.05 -0.15 0.00 -0.01 -0.10 0.42 2317.91 781.01 11.36 2317.16 779.05 11.32 
2318.23 780.97 10.60 -0.01 -0.03 0.00 158.60 2296.13 735.58 10.82 -0.12 -0.06 0.00 -0.05 -0.05 0.43 2317.73 780.57 11.37 2316.96 778.60 11.34 
2318.13 780.71 10.60 -0.01 -0.03 0.00 158.60 2295.27 735.27 10.82 -0.12 -0.01 0.00 0.01 -0.09 0.43 2317.65 780.35 11.37 2316.88 778.44 11.34 
2317.99 780.36 10.61 -0.01 -0.03 0.00 158.60 2294.42 735.55 10.82 -0.11 0.03 0.00 0.00 -0.09 0.40 2317.51 780.00 11.38 2316.75 778.11 11.32 
2317.41 779.08 10.63 -0.01 -0.03 0.00 152.11 2290.68 736.80 10.67 -0.10 0.03 0.00 -0.00 -0.09 0.42 2316.90 778.78 11.40 2315.94 776.97 11.37 
2317.17 778.62 10.63 -0.01 -0.03 0.00 152.11 2289.60 736.61 10.67 -0.10 -0.05 0.00 -0.01 -0.10 0.42 2316.66 778.31 11.40 2315.71 776.48 11.35 
2316.80 777.92 10.64 -0.02 -0.03 0.00 148.75 2288.19 734.66 10.67 -0.03 -0.10 0.00 0.01 -0.10 0.40 2316.26 777.65 11.41 2315.19 775.89 11.34 
2316.53 777.48 10.65 -0.02 -0.03 0.00 148.31 2287.73 733.28 10.67 -0.03 -0.11 0.00 -0.00 -0.08 0.42 2316.01 777.25 11.42 2314.94 775.48 11.36 
2286.39 719.99 10.84 0.00 0.00 0.00 174.55 2283.00 712.14 10.95 -0.17 -0.08 0.00 -0.13 -0.09 0.39 2286.03 719.57 11.58 2285.82 717.30 11.36 
2286.39 719.99 10.84 0.00 0.00 0.00 163.36 2281.64 711.27 10.89 -0.11 -0.14 0.00 -0.07 -0.10 0.34 2285.95 719.65 11.57 2285.27 717.50 11.30 
2286.39 719.99 10.84 0.00 0.00 0.00 160.90 2281.31 710.43 10.87 -0.07 -0.22 0.00 0.02 -0.11 0.35 2285.95 719.66 11.57 2285.21 717.55 11.31 
2286.39 719.99 10.84 0.00 0.00 0.00 160.90 2280.49 707.99 10.81 -0.05 -0.17 0.00 0.01 -0.10 0.34 2285.95 719.66 11.57 2285.21 717.58 11.31 
2286.39 719.99 10.84 0.00 0.00 0.00 160.90 2279.73 705.70 10.82 -0.07 -0.20 0.00 0.00 -0.13 0.33 2285.94 719.66 11.57 2285.22 717.59 11.30 
2286.39 719.99 10.84 0.00 0.00 0.00 174.33 2278.93 703.33 10.82 -0.05 -0.15 0.00 -0.03 -0.08 0.37 2286.03 719.57 11.57 2285.84 717.38 11.34 
2286.39 719.99 10.84 0.00 0.00 0.00 176.34 2278.37 701.64 10.82 -0.04 -0.12 0.00 -0.02 -0.10 0.39 2286.05 719.56 11.57 2285.92 717.41 11.36 
2286.39 719.99 10.84 0.00 0.00 0.00 176.79 2281.45 698.97 10.82 0.10 -0.03 0.00 0.01 -0.10 0.40 2286.05 719.59 11.62 2285.94 717.49 11.59 
2286.39 719.99 10.84 0.00 0.00 0.00 177.91 2282.17 697.87 10.82 0.05 -0.10 0.00 -0.01 -0.09 0.42 2286.06 719.58 11.62 2286.00 717.48 11.61 
2286.39 719.99 10.84 0.00 0.00 0.00 177.91 2282.65 696.90 10.67 0.05 -0.10 0.00 0.09 -0.05 0.44 2286.05 719.59 11.61 2285.93 717.37 11.59 
2286.39 719.99 10.84 0.00 0.00 0.00 175.90 2282.56 696.04 10.67 -0.03 -0.11 0.00 -0.01 -0.08 0.42 2286.05 719.59 11.61 2285.88 717.49 11.57 
2286.39 719.99 10.84 0.00 0.00 0.00 171.42 2282.20 694.96 10.82 -0.03 -0.10 0.00 0.01 -0.09 0.39 2286.01 719.62 11.61 2285.66 717.54 11.53 
2286.39 719.99 10.84 0.00 0.00 0.00 168.96 2281.85 693.90 10.82 -0.03 -0.11 0.00 -0.01 -0.09 0.40 2286.00 719.63 11.61 2285.61 717.56 11.53 
2286.39 719.99 10.84 0.00 0.00 0.00 165.82 2281.58 693.09 10.82 -0.03 -0.10 0.00 -0.01 -0.13 0.41 2285.97 719.67 11.61 2285.42 717.67 11.55 
2286.39 719.99 10.84 0.00 0.00 0.00 164.03 2281.30 692.25 10.82 -0.03 -0.10 0.00 -0.01 -0.09 0.43 2285.97 719.67 11.61 2285.41 717.64 11.57 
2286.39 719.99 10.84 0.00 0.00 0.00 172.76 2280.21 691.40 10.82 -0.09 -0.04 0.00 -0.03 -0.08 0.40 2286.04 719.59 11.61 2285.82 717.48 11.55 
2286.39 719.99 10.84 0.00 0.00 0.00 176.34 2279.54 691.06 10.82 -0.10 -0.05 0.00 -0.19 -0.08 0.42 2286.05 719.58 11.61 2285.88 717.26 11.53 
2286.39 719.99 10.84 0.00 0.00 0.00 176.79 2278.85 690.72 10.82 -0.10 -0.05 0.00 0.00 -0.10 0.39 2286.05 719.58 11.61 2285.92 717.48 11.52 
2286.39 719.99 10.84 0.00 0.00 0.00 181.27 2277.99 690.29 10.82 -0.09 -0.04 0.00 -0.23 -0.02 0.37 2286.09 719.56 11.61 2286.18 717.21 11.51 
2286.39 719.99 10.84 0.00 0.00 0.00 185.52 2275.82 689.21 10.82 -0.10 -0.05 0.00 -0.14 -0.04 0.42 2286.12 719.54 11.61 2286.33 717.28 11.56 
2286.39 719.99 10.84 0.00 0.00 0.00 176.79 2274.90 688.75 10.82 -0.10 -0.05 0.00 0.07 -0.07 0.42 2286.04 719.60 11.61 2285.82 717.54 11.56 
2286.39 719.99 10.84 0.00 0.00 0.00 170.97 2273.95 688.28 10.82 -0.10 -0.05 0.00 0.00 -0.09 0.40 2286.01 719.62 11.61 2285.67 717.55 11.54 
2286.39 719.99 10.84 0.00 0.00 0.00 170.97 2273.00 687.80 10.82 -0.09 -0.04 0.00 -0.03 -0.09 0.39 2286.01 719.62 11.61 2285.69 717.52 11.53 
2286.39 719.99 10.84 0.00 0.00 0.00 173.21 2273.72 684.36 10.82 0.10 -0.03 0.00 0.13 -0.05 0.52 2286.03 719.59 11.60 2285.79 717.39 11.48 
2286.39 719.99 10.84 0.00 0.00 0.00 174.55 2274.77 684.01 10.82 0.11 -0.03 0.00 -0.01 -0.10 0.49 2286.04 719.58 11.59 2285.84 717.51 11.45 
2286.39 719.99 10.84 0.00 0.00 0.00 173.21 2277.84 682.98 10.82 0.10 -0.03 0.00 0.18 -0.07 0.41 2286.03 719.61 11.61 2285.75 717.35 11.59 
2286.39 719.99 10.84 0.00 0.00 0.00 173.21 2278.91 682.62 10.82 0.11 -0.03 0.00 -0.30 -0.18 0.42 2286.03 719.61 11.61 2285.81 717.84 11.59 
2286.39 719.99 10.84 0.00 0.00 0.00 173.21 2280.50 682.09 10.82 0.10 -0.03 0.00 0.14 -0.07 0.39 2286.03 719.61 11.61 2285.77 717.39 11.57 
2286.39 719.99 10.84 0.00 0.00 0.00 173.21 2281.32 681.81 10.82 0.10 -0.03 0.00 -0.05 -0.09 0.41 2286.03 719.61 11.61 2285.80 717.59 11.59 
2286.39 719.99 10.84 0.00 0.00 0.00 173.21 2282.97 681.26 10.67 0.11 -0.03 0.00 -0.30 -0.18 0.42 2286.03 719.61 11.61 2285.81 717.85 11.61 
2286.39 719.99 10.84 0.00 0.00 0.00 171.87 2284.28 680.82 10.67 0.10 -0.03 0.00 0.18 -0.10 0.39 2286.02 719.62 11.62 2285.68 717.37 11.60 
2286.39 719.99 10.84 0.00 0.00 0.00 166.72 2288.72 679.33 10.67 0.11 -0.03 0.00 -0.40 -0.14 0.40 2285.99 719.65 11.61 2285.60 718.02 11.58 
2286.39 719.99 10.84 0.00 0.00 0.00 180.82 2293.51 677.63 10.82 0.07 -0.07 0.00 -0.32 -0.26 0.42 2286.08 719.57 11.62 2286.11 717.82 11.61 
2286.39 719.99 10.84 0.00 0.00 0.00 185.07 2296.68 665.50 10.82 0.05 -0.10 0.00 0.08 0.10 0.40 2286.11 719.54 11.61 2286.32 717.22 11.55 
2286.39 719.99 10.84 0.00 0.00 0.00 185.07 2296.94 664.99 10.82 0.05 -0.10 0.00 0.11 0.16 0.40 2286.11 719.54 11.61 2286.32 717.15 11.55 
2286.39 719.99 10.84 0.00 0.00 0.00 183.73 2296.27 661.45 10.82 -0.03 -0.11 0.00 -0.06 0.05 0.41 2286.10 719.55 11.61 2286.25 717.28 11.58 
2286.39 719.99 10.84 0.00 0.00 0.00 177.91 2295.87 660.27 10.82 -0.03 -0.10 0.00 -0.01 0.05 0.43 2286.05 719.59 11.62 2285.93 717.33 11.62 
2286.39 719.99 10.84 0.00 0.00 0.00 176.57 2295.46 659.03 10.82 -0.03 -0.11 0.00 -0.02 -0.01 0.39 2286.05 719.60 11.62 2285.92 717.41 11.63 
2286.39 719.99 10.84 0.00 0.00 0.00 176.57 2295.28 658.51 10.82 -0.03 -0.10 0.00 -0.03 0.00 0.39 2286.05 719.57 11.62 2285.93 717.40 11.63 
2286.37 719.69 10.85 -0.00 -0.03 0.00 176.57 2294.90 657.37 10.82 -0.03 -0.11 0.00 -0.03 -0.05 0.42 2286.03 719.21 11.64 2285.91 717.10 11.66 
2286.35 719.34 10.87 -0.00 -0.04 0.00 176.57 2294.56 656.36 10.82 -0.03 -0.10 0.00 -0.02 -0.01 0.43 2286.01 718.86 11.66 2285.88 716.72 11.69 
2286.29 718.11 10.94 -0.00 -0.03 0.00 179.70 2293.58 653.43 10.82 -0.03 -0.11 0.00 -0.00 -0.09 0.41 2285.97 717.61 11.72 2285.96 715.55 11.69 
2286.28 717.60 10.96 -0.00 -0.04 0.00 179.70 2293.07 651.90 10.82 -0.03 -0.10 0.00 -0.01 -0.10 0.41 2285.96 717.09 11.74 2285.96 715.05 11.72 
2286.28 717.32 10.97 -0.00 -0.04 0.00 179.70 2293.10 651.37 10.82 0.03 -0.11 0.00 0.04 -0.09 0.43 2285.96 716.86 11.74 2285.95 714.71 11.74 
2286.28 717.00 10.98 -0.00 -0.04 0.00 179.70 2293.86 650.86 10.82 0.10 -0.03 0.00 0.15 -0.07 0.43 2285.96 716.50 11.76 2285.94 714.31 11.75 
2286.28 716.34 11.00 -0.00 -0.04 0.00 179.70 2295.01 649.44 10.82 0.05 -0.10 0.00 0.02 -0.07 0.39 2285.96 715.84 11.78 2285.95 713.75 11.75 
2286.28 716.10 11.01 -0.00 -0.03 0.00 180.15 2295.30 648.86 10.82 0.04 -0.09 0.00 0.02 -0.10 0.41 2285.96 715.60 11.79 2285.99 713.50 11.76 
2286.29 715.63 11.03 0.00 -0.04 0.00 182.83 2295.98 647.50 10.82 0.04 -0.10 0.00 0.00 -0.07 0.43 2286.00 715.11 11.81 2286.12 713.02 11.79 
2286.32 715.02 11.05 0.00 -0.04 0.00 182.83 2295.92 646.02 10.82 -0.03 -0.11 0.00 -0.01 -0.08 0.41 2286.03 714.50 11.83 2286.13 712.43 11.82 
2286.37 714.18 11.07 0.00 -0.03 0.00 183.28 2296.11 643.80 10.82 -0.03 -0.10 0.00 -0.05 -0.06 0.41 2286.08 713.65 11.85 2286.20 711.54 11.82 
2286.41 713.46 11.07 0.00 -0.04 0.00 184.40 2295.99 641.88 10.82 -0.03 -0.11 0.00 -0.02 -0.07 0.41 2286.14 712.93 11.85 2286.30 710.84 11.84 
2286.48 712.56 11.07 0.00 -0.03 0.00 184.62 2293.91 640.50 10.82 -0.09 -0.04 0.00 -0.13 -0.05 0.41 2286.21 712.03 11.85 2286.38 709.85 11.83 
2286.53 711.97 11.05 0.00 -0.04 0.00 182.39 2292.54 639.82 10.83 -0.10 -0.05 0.00 -0.23 0.00 0.39 2286.23 711.45 11.83 2286.32 709.16 11.80 
2286.54 711.74 11.04 0.00 -0.04 0.00 181.94 2292.17 639.16 10.88 -0.03 -0.10 0.00 -0.03 -0.06 0.41 2286.24 711.22 11.82 2286.33 709.11 11.80 
2286.54 711.37 11.03 -0.00 -0.04 0.00 178.58 2291.87 638.24 10.92 -0.03 -0.11 0.00 -0.01 -0.09 0.41 2286.22 710.88 11.81 2286.17 708.82 11.80 
2286.54 711.13 11.02 -0.00 -0.04 0.00 178.58 2291.72 637.80 10.94 -0.03 -0.10 0.00 0.00 -0.08 0.44 2286.20 710.64 11.80 2286.11 708.50 11.79 
2286.52 710.76 11.01 -0.00 -0.04 0.00 176.57 2291.36 636.73 10.95 -0.03 -0.10 0.00 0.01 -0.09 0.41 2286.17 710.27 11.78 2286.03 708.22 11.74 
2286.50 710.48 11.00 -0.00 -0.03 0.00 176.57 2291.21 636.29 10.96 -0.03 -0.11 0.00 -0.02 -0.05 0.44 2286.16 710.03 11.77 2286.01 707.85 11.72 
2286.46 709.89 10.98 -0.00 -0.04 0.00 176.79 2290.54 634.27 10.98 -0.03 -0.11 0.00 -0.02 -0.09 0.39 2286.13 709.39 11.75 2286.05 707.32 11.71 
2286.45 709.33 10.96 -0.00 -0.04 0.00 179.48 2290.06 632.85 11.00 -0.03 -0.10 0.00 -0.01 -0.10 0.42 2286.13 708.82 11.73 2286.12 706.77 11.71 
2286.45 709.05 10.95 -0.00 -0.04 0.00 179.48 2289.81 632.11 11.01 -0.03 -0.11 0.00 -0.05 -0.04 0.47 2286.13 708.58 11.72 2286.11 706.40 11.71 
2286.44 708.73 10.94 -0.00 -0.03 0.00 177.69 2289.47 631.10 11.02 -0.03 -0.10 0.00 0.05 -0.09 0.42 2286.10 708.25 11.72 2285.93 706.22 11.73 
2286.42 708.45 10.93 -0.00 -0.04 0.00 175.45 2288.92 630.68 11.01 -0.10 -0.05 0.00 0.03 -0.12 0.39 2286.07 708.02 11.71 2285.90 706.04 11.71 
2286.41 708.26 10.92 -0.00 -0.04 0.00 175.45 2288.29 630.37 11.00 -0.10 -0.05 0.00 0.07 -0.14 0.38 2286.05 707.79 11.70 2285.89 705.84 11.69 
2286.28 706.71 10.84 -0.00 -0.03 0.00 175.67 2285.04 627.92 10.90 -0.03 -0.10 0.00 0.01 -0.08 0.40 2285.92 706.22 11.61 2285.76 704.17 11.60 
2286.26 706.47 10.83 -0.00 -0.04 0.00 176.12 2284.77 627.11 10.86 -0.03 -0.10 0.00 0.01 -0.09 0.40 2285.91 705.98 11.60 2285.76 703.93 11.58 
2286.23 706.06 10.81 -0.00 -0.04 0.00 176.12 2284.41 626.03 10.81 -0.03 -0.11 0.00 0.01 -0.15 0.39 2285.88 705.58 11.58 2285.75 703.58 11.55 
2286.19 705.48 10.78 -0.00 -0.04 0.00 176.12 2283.90 624.52 10.73 -0.03 -0.11 0.00 -0.01 -0.12 0.41 2285.84 705.00 11.55 2285.72 702.96 11.54 
2286.15 704.84 10.74 -0.00 -0.04 0.00 176.12 2283.07 623.09 10.68 -0.10 -0.05 0.00 -0.01 -0.09 0.41 2285.80 704.36 11.52 2285.64 702.32 11.51 
2286.11 704.33 10.72 -0.00 -0.04 0.00 175.90 2281.92 623.46 10.81 -0.07 0.08 0.00 0.31 0.10 0.39 2285.76 703.85 11.49 2285.62 702.22 11.46 
2286.10 704.13 10.71 -0.00 -0.04 0.00 175.22 2281.66 623.98 10.81 -0.04 0.09 0.00 0.18 0.14 0.40 2285.73 703.61 11.47 2285.57 701.89 11.41 
2286.06 703.77 10.69 -0.00 -0.04 0.00 173.43 2281.21 624.89 10.82 -0.05 0.10 0.00 0.19 0.16 0.40 2285.69 703.29 11.45 2285.49 701.59 11.35 
2285.99 703.24 10.66 -0.00 -0.03 0.00 170.97 2279.58 625.98 10.82 -0.14 0.05 0.00 -0.14 -0.17 0.36 2285.59 702.77 11.40 2285.20 700.58 11.16 
2282.12 673.65 10.82 -0.00 -0.03 0.00 170.25 2267.53 614.64 10.82 -0.10 -0.04 0.00 -0.04 -0.08 0.41 2281.74 673.23 11.61 2281.39 671.19 11.71 
2282.06 673.30 10.82 -0.00 -0.03 0.00 170.62 2266.67 614.19 10.82 -0.09 -0.07 0.00 -0.02 -0.09 0.41 2281.68 672.87 11.60 2281.35 670.85 11.68 
2282.01 673.03 10.82 -0.00 -0.03 0.00 170.89 2266.47 613.95 10.82 -0.06 -0.09 0.00 -0.02 -0.11 0.41 2281.62 672.59 11.60 2281.31 670.58 11.66 
2281.79 671.62 10.82 -0.00 -0.03 0.00 171.05 2264.25 610.49 10.82 -0.11 -0.02 0.00 -0.03 -0.10 0.41 2281.40 671.18 11.60 2281.08 669.14 11.64 
2281.71 671.11 10.82 -0.00 -0.03 0.00 171.05 2262.71 610.94 10.82 -0.10 0.03 0.00 0.29 -0.05 0.41 2281.32 670.67 11.60 2281.06 668.96 11.64 
2280.39 665.25 10.82 -0.01 -0.03 0.00 163.44 2259.41 602.09 10.82 0.05 -0.10 0.00 -0.01 -0.10 0.42 2279.95 664.86 11.59 2279.37 662.90 11.55 
2280.30 664.94 10.82 -0.01 -0.03 0.00 163.44 2259.98 601.31 10.82 0.09 -0.05 0.00 -0.01 -0.11 0.42 2279.85 664.54 11.59 2279.28 662.60 11.56 
2280.22 664.66 10.82 -0.01 -0.03 0.00 163.44 2260.70 601.07 10.82 0.11 -0.03 0.00 -0.04 -0.11 0.42 2279.77 664.26 11.59 2279.20 662.35 11.56 
2280.04 664.04 10.82 -0.01 -0.03 0.00 163.44 2262.01 599.97 10.82 0.04 -0.09 0.00 0.06 -0.05 0.40 2279.59 663.65 11.59 2278.97 661.60 11.54 
2279.84 663.38 10.82 -0.01 -0.03 0.00 163.44 2262.86 598.26 10.66 0.04 -0.10 -0.04 0.01 -0.07 0.45 2279.39 662.99 11.59 2278.81 660.99 11.55 
2251.94 548.85 7.78 0.00 0.00 0.00 221.66 2304.02 496.05 -0.48 0.00 -0.00 -0.00 0.04 -0.17 0.14 2252.03 548.28 8.43 2253.32 546.83 7.92 
2292.64 532.52 1.79 0.00 0.00 0.00 198.01 2304.27 495.56 -0.28 0.02 -0.04 0.01 0.03 0.22 0.37 2292.49 532.01 2.53 2293.23 529.75 2.38 
2292.64 532.52 1.79 0.00 0.00 0.00 198.28 2304.39 495.32 -0.26 0.02 -0.05 0.00 -0.14 -0.21 -0.09 2292.49 532.01 2.53 2304.47 495.47 -0.36 
2292.64 532.52 1.79 0.00 0.00 0.00 198.47 2304.59 494.91 -0.26 0.03 -0.06 -0.00 0.00 -0.07 0.41 2292.48 532.00 2.53 2293.14 530.00 2.35 
2292.64 532.52 1.79 0.00 0.00 0.00 198.47 2304.86 494.37 -0.27 0.03 -0.07 -0.00 -0.00 -0.10 0.39 2292.48 532.00 2.53 2293.15 530.01 2.35 
2292.64 532.52 1.79 0.00 0.00 0.00 198.47 2305.25 493.59 -0.27 0.04 -0.09 0.00 -0.01 -0.09 0.40 2292.48 532.00 2.53 2293.17 530.00 2.35 
2292.64 532.52 1.79 0.00 0.00 0.00 198.47 2305.60 492.89 -0.26 0.06 -0.12 0.00 -0.01 -0.17 0.42 2292.48 532.00 2.53 2293.15 530.05 2.37 
2292.64 532.52 1.79 0.00 0.00 0.00 198.47 2306.20 491.69 -0.28 0.06 -0.13 -0.00 0.01 -0.09 0.43 2292.48 532.00 2.53 2293.17 529.95 2.37 
2292.64 532.52 1.79 0.00 0.00 0.00 198.47 2306.60 490.88 -0.32 0.06 -0.13 -0.00 0.01 -0.17 0.42 2292.48 532.00 2.53 2293.13 530.01 2.37 
2292.64 532.52 1.79 0.00 0.00 0.00 198.47 2307.00 490.08 -0.36 0.05 -0.10 0.00 0.01 -0.12 0.39 2292.48 532.00 2.53 2293.14 529.99 2.35 
2292.64 532.52 1.79 0.00 0.00 0.00 198.47 2307.30 489.47 -0.33 0.04 -0.08 0.00 0.03 0.14 0.37 2292.48 532.00 2.53 2293.23 529.77 2.32 
2292.64 532.52 1.79 0.00 0.00 0.00 198.47 2307.61 488.86 -0.30 0.03 -0.07 0.00 -0.02 -0.16 0.39 2292.48 532.00 2.53 2293.14 530.08 2.35 
2292.64 532.52 1.79 0.00 0.00 0.00 198.47 2307.91 488.24 -0.26 0.04 -0.08 0.00 -0.02 -0.11 0.42 2292.48 532.00 2.53 2293.17 530.02 2.36 
2292.64 532.52 1.79 0.00 0.00 0.00 198.47 2308.18 487.72 -0.25 0.04 -0.09 0.00 -0.02 -0.17 0.43 2292.48 532.00 2.53 2293.14 530.08 2.38 
2292.64 532.52 1.79 0.00 0.00 0.00 198.47 2308.48 487.11 -0.25 0.05 -0.10 0.00 0.00 -0.09 0.43 2292.48 532.00 2.53 2293.15 529.97 2.38 
2292.64 532.52 1.79 0.00 0.00 0.00 198.47 2309.62 484.82 -0.30 0.03 -0.07 -0.00 0.02 -0.10 0.41 2292.48 532.00 2.53 2293.17 529.91 2.34 
2292.64 532.52 1.79 0.00 0.00 0.00 198.47 2309.79 484.49 -0.31 0.03 -0.06 -0.00 0.03 0.26 0.35 2292.48 532.02 2.54 2293.27 529.68 2.31 
2292.64 532.52 1.79 0.00 0.00 0.00 198.47 2310.05 483.96 -0.31 0.03 -0.07 -0.00 -0.03 -0.16 0.40 2292.48 532.00 2.53 2293.14 530.08 2.36 
2292.64 532.52 1.79 0.00 0.00 0.00 198.47 2310.33 483.40 -0.31 0.03 -0.07 0.00 -0.01 -0.09 0.43 2292.48 532.00 2.53 2293.16 530.01 2.38 
2292.64 532.52 1.79 0.00 0.00 0.00 198.47 2310.69 482.66 -0.29 0.04 -0.08 0.00 -0.00 -0.14 0.43 2292.48 532.00 2.53 2293.13 530.06 2.38 
2292.64 532.52 1.79 0.00 0.00 0.00 198.47 2311.05 481.95 -0.27 0.04 -0.09 0.00 0.02 -0.09 0.42 2292.48 532.00 2.53 2293.14 529.98 2.37 
2292.66 532.47 1.79 0.00 0.00 0.00 198.86 2315.47 473.07 -0.28 0.04 -0.09 -0.00 -0.01 -0.18 0.41 2292.50 531.96 2.56 2293.15 530.05 2.48 
2292.66 532.47 1.79 0.00 0.00 0.00 198.86 2315.98 472.04 -0.31 0.05 -0.10 -0.00 0.00 -0.09 0.40 2292.50 531.96 2.56 2293.18 529.95 2.48 
2292.66 532.47 1.79 0.00 0.00 0.00 198.86 2316.49 471.03 -0.39 0.04 -0.09 -0.01 0.01 -0.01 0.41 2292.50 531.96 2.56 2293.21 529.89 2.47 
2292.66 532.47 1.79 0.00 0.00 0.00 199.09 2317.16 469.68 -0.53 0.03 -0.07 -0.00 0.01 0.08 0.42 2292.50 531.96 2.55 2293.25 529.82 2.48 
2292.66 532.47 1.79 0.00 0.00 0.00 199.09 2317.54 468.91 -0.57 0.03 -0.07 -0.00 -0.01 -0.18 0.43 2292.50 531.96 2.56 2293.15 530.07 2.50 
2292.66 532.47 1.79 0.00 0.00 0.00 199.09 2317.86 468.28 -0.59 0.03 -0.07 -0.00 0.03 0.05 0.41 2292.50 531.96 2.56 2293.22 529.84 2.48 
2292.66 532.47 1.79 0.00 0.00 0.00 199.31 2319.08 465.83 -0.46 0.04 -0.09 0.00 0.00 -0.01 0.39 2292.50 531.96 2.55 2293.23 529.90 2.46 
2292.66 532.47 1.79 0.00 0.00 0.00 196.18 2324.88 454.18 -0.52 0.00 -0.00 -0.00 0.00 0.04 0.41 2292.47 531.97 2.55 2293.07 529.91 2.47 
2292.66 532.47 1.79 0.00 0.00 0.00 196.18 2324.88 454.18 -0.53 0.00 -0.00 -0.00 -0.00 0.00 0.39 2292.47 531.97 2.55 2293.06 529.95 2.46 
2292.66 532.47 1.79 0.00 0.00 0.00 196.18 2324.88 454.18 -0.53 0.00 -0.00 0.00 -0.04 -0.17 0.41 2292.47 531.97 2.55 2293.02 530.13 2.47 
2292.66 532.47 1.79 0.00 0.00 0.00 196.18 2324.88 454.17 -0.49 0.00 -0.00 0.01 -0.00 0.05 0.42 2292.47 531.97 2.55 2293.08 529.91 2.48 
2292.66 532.47 1.79 0.00 0.00 0.00 196.18 2324.95 454.03 -0.35 0.01 -0.02 0.01 0.05 0.19 0.40 2292.47 531.97 2.55 2293.11 529.73 2.47 
2292.66 532.47 1.79 0.00 0.00 0.00 196.18 2325.15 453.64 -0.24 0.02 -0.05 0.01 -0.01 -0.19 0.40 2292.47 531.97 2.55 2293.00 530.09 2.47 
2292.66 532.47 1.79 0.00 0.00 0.00 196.18 2325.39 453.15 -0.26 0.03 -0.06 -0.00 -0.01 -0.15 0.41 2292.47 531.97 2.55 2293.03 530.04 2.46 
2292.66 532.47 1.79 0.00 0.00 0.00 196.18 2325.68 452.57 -0.31 0.03 -0.07 -0.01 0.00 0.04 0.40 2292.47 531.97 2.55 2293.11 529.83 2.46 
2292.66 532.47 1.79 0.00 0.00 0.00 196.18 2326.40 451.12 -0.49 0.03 -0.07 -0.00 0.01 -0.02 0.44 2292.47 531.97 2.55 2293.07 529.89 2.48 
2292.66 532.47 1.79 0.00 0.00 0.00 196.18 2326.64 450.64 -0.55 0.03 -0.06 -0.00 -0.00 -0.15 0.42 2292.47 531.96 2.55 2293.02 530.03 2.48 
2292.66 532.47 1.79 0.00 0.00 0.00 196.18 2326.81 450.29 -0.60 0.02 -0.05 -0.00 0.00 -0.10 0.40 2292.47 531.97 2.55 2293.04 529.99 2.46 
2292.66 532.47 1.79 0.00 0.00 0.00 196.18 2327.08 449.76 -0.68 0.01 -0.02 -0.00 -0.01 -0.08 0.47 2292.47 531.99 2.55 2293.07 529.96 2.46 
2292.66 532.47 1.79 0.00 0.00 0.00 196.18 2327.13 449.65 -0.66 0.00 -0.00 0.00 -0.02 -0.09 0.42 2292.47 531.96 2.55 2293.05 530.04 2.48 
2292.66 532.47 1.79 0.00 0.00 0.00 196.18 2327.16 449.60 -0.64 0.00 -0.00 0.00 -0.03 -0.17 0.43 2292.47 531.97 2.55 2293.01 530.12 2.49 
2292.66 532.47 1.79 0.00 0.00 0.00 196.18 2327.17 449.59 -0.61 0.00 -0.00 0.00 -0.00 -0.07 0.44 2292.47 531.97 2.55 2293.03 530.01 2.49 
2292.66 532.47 1.79 0.00 0.00 0.00 196.18 2327.17 449.58 -0.59 0.00 -0.00 0.00 0.00 -0.08 0.42 2292.47 531.97 2.55 2293.02 530.02 2.48 
2292.66 532.47 1.79 0.00 0.00 0.00 196.18 2327.17 449.57 -0.56 0.00 -0.00 0.00 -0.01 -0.19 0.39 2292.47 531.97 2.55 2292.99 530.13 2.46 
2292.66 532.47 1.79 0.00 0.00 0.00 196.18 2327.17 449.57 -0.64 0.00 -0.00 -0.01 -0.02 -0.08 0.41 2292.47 531.97 2.55 2293.05 530.04 2.46 
2292.66 532.47 1.79 0.00 0.00 0.00 196.18 2327.17 449.57 -0.84 0.00 -0.00 -0.02 -0.04 -0.17 0.44 2292.47 531.97 2.55 2293.03 530.12 2.48 
2292.66 532.47 1.79 0.00 0.00 0.00 196.18 2327.17 449.57 -1.08 0.00 -0.00 -0.03 -0.01 -0.11 0.46 2292.47 531.97 2.55 2293.03 530.06 2.49 
2292.66 532.47 1.79 0.00 0.00 0.00 196.18 2327.17 449.57 -1.72 0.00 -0.00 -0.05 -0.00 -0.14 0.47 2292.47 531.97 2.55 2293.00 530.08 2.48 
2292.66 532.47 1.79 0.00 0.00 0.00 196.18 2327.24 449.42 -2.90 0.00 -0.01 -0.01 -0.03 -0.13 0.43 2292.47 531.96 2.55 2293.04 530.07 2.47 
2292.66 532.47 1.79 0.00 0.00 0.00 196.18 2327.30 449.29 -2.90 0.00 -0.00 0.00 -0.03 -0.15 0.42 2292.47 531.97 2.55 2293.02 530.10 2.49 
2292.66 532.47 1.79 0.00 0.00 0.00 196.18 2327.32 449.27 -2.80 0.00 -0.00 0.01 -0.01 -0.13 0.42 2292.47 531.97 2.55 2293.01 530.08 2.49 
2292.66 532.47 1.79 0.00 0.00 0.00 196.18 2327.32 449.25 -2.62 0.00 -0.00 0.01 -0.01 -0.19 0.41 2292.47 531.97 2.55 2292.99 530.13 2.47 
2292.66 532.47 1.79 0.00 0.00 0.00 196.18 2327.32 449.25 -2.54 0.00 -0.00 0.01 -0.01 -0.14 0.38 2292.47 531.97 2.55 2293.01 530.09 2.46 
2292.66 532.47 1.79 0.00 0.00 0.00 196.18 2327.33 449.25 -2.39 0.00 -0.00 0.01 -0.03 -0.13 0.39 2292.47 531.97 2.55 2293.03 530.09 2.46 
2292.66 532.47 1.79 0.00 0.00 0.00 196.18 2327.33 449.25 -2.28 0.00 -0.00 0.01 -0.04 -0.14 0.40 2292.47 531.97 2.55 2293.03 530.10 2.47 
2292.66 532.47 1.79 0.00 0.00 0.00 196.18 2327.33 449.25 -2.20 0.00 -0.00 0.01 -0.04 -0.16 0.40 2292.47 531.97 2.55 2293.03 530.12 2.48 
2292.66 532.47 1.79 0.00 0.00 0.00 196.18 2327.33 449.25 -2.10 0.00 -0.00 0.01 -0.02 -0.11 0.42 2292.47 531.97 2.55 2293.03 530.06 2.49 
2292.66 532.47 1.79 0.00 0.00 0.00 196.18 2327.33 449.24 -1.99 0.00 -0.00 0.01 -0.00 -0.09 0.43 2292.47 531.97 2.55 2293.03 530.04 2.49 
2292.59 532.44 1.79 -0.03 -0.01 0.00 196.18 2327.33 449.24 -1.89 0.00 -0.00 0.01 0.04 -0.09 0.42 2292.36 531.94 2.55 2292.91 529.99 2.48 
2292.37 532.37 1.79 -0.03 -0.01 0.00 196.18 2327.33 449.24 -1.79 0.00 -0.00 0.01 0.05 -0.10 0.39 2292.13 531.86 2.55 2292.67 529.91 2.47 
2292.11 532.27 1.79 -0.03 -0.01 0.00 196.18 2327.33 449.24 -1.68 0.00 -0.00 0.01 0.03 -0.09 0.38 2291.89 531.77 2.55 2292.44 529.83 2.45 
2291.92 532.22 1.79 -0.03 -0.00 0.00 196.18 2327.33 449.24 -1.58 0.00 -0.00 0.01 0.02 -0.08 0.38 2291.66 531.71 2.55 2292.23 529.76 2.45 
2291.70 532.16 1.79 -0.03 -0.01 0.00 196.18 2327.33 449.24 -1.50 0.00 -0.00 0.01 0.00 -0.10 0.38 2291.44 531.65 2.55 2292.02 529.72 2.46 
2291.44 532.10 1.79 -0.03 -0.00 0.00 196.18 2327.33 449.24 -1.42 0.00 -0.00 0.01 0.01 -0.10 0.40 2291.18 531.60 2.55 2291.76 529.67 2.48 
2291.21 532.05 1.79 -0.03 -0.00 0.00 196.62 2327.33 449.24 -1.31 0.00 -0.00 0.01 0.01 -0.07 0.41 2290.95 531.55 2.55 2291.55 529.58 2.46 
2291.02 532.00 1.79 -0.03 -0.01 0.00 196.62 2327.33 449.24 -1.17 0.00 -0.00 0.01 0.02 -0.08 0.43 2290.73 531.47 2.55 2291.32 529.52 2.47 
2290.73 531.89 1.79 -0.03 -0.01 0.00 197.07 2327.33 449.24 -1.12 0.00 -0.00 0.01 0.04 -0.09 0.41 2290.52 531.38 2.55 2291.09 529.44 2.46 
2290.55 531.81 1.79 -0.03 -0.01 0.00 199.76 2327.33 449.24 -0.98 0.00 -0.00 0.01 0.04 -0.07 0.40 2290.33 531.27 2.55 2291.04 529.36 2.43 
2290.34 531.73 1.79 -0.03 -0.01 0.00 201.10 2327.33 449.24 -0.93 0.00 -0.00 0.01 0.05 -0.08 0.38 2290.13 531.19 2.55 2290.84 529.29 2.41 
2290.09 531.64 1.79 -0.03 -0.01 0.00 201.10 2327.33 449.24 -0.82 0.00 -0.00 0.01 0.03 -0.09 0.38 2289.91 531.11 2.55 2290.63 529.23 2.40 
2289.52 531.48 1.79 0.00 0.00 0.00 201.33 2330.72 442.04 -0.19 0.04 -0.09 -0.00 0.00 -0.01 0.41 2289.39 530.96 2.55 2290.18 528.93 2.46 
2289.52 531.48 1.79 0.00 0.00 0.00 201.33 2331.51 440.36 -0.25 0.04 -0.09 -0.00 0.02 0.13 0.40 2289.39 530.96 2.55 2290.23 528.78 2.45 
2289.52 531.48 1.79 0.00 0.00 0.00 201.33 2331.84 439.66 -0.32 0.03 -0.07 -0.00 -0.00 -0.19 0.41 2289.39 530.96 2.55 2290.11 529.10 2.45 
2289.52 531.48 1.79 0.00 0.00 0.00 201.33 2332.10 439.11 -0.40 0.02 -0.05 -0.01 -0.00 0.03 0.41 2289.39 530.96 2.55 2290.20 528.91 2.44 
2289.52 531.48 1.79 0.00 0.00 0.00 201.33 2332.49 438.26 -0.59 0.01 -0.03 -0.01 -0.00 -0.03 0.44 2289.39 530.96 2.55 2290.15 529.00 2.47 
2289.52 531.48 1.79 0.00 0.00 0.00 201.33 2332.62 437.96 -0.69 0.00 -0.00 0.00 -0.00 0.02 0.39 2289.39 530.96 2.55 2290.16 528.98 2.45 
2289.52 531.48 1.79 0.00 0.00 0.00 201.33 2332.63 437.95 -0.93 0.00 -0.00 -0.02 0.00 -0.17 0.50 2289.39 530.96 2.55 2290.08 529.16 2.47 
2289.52 531.48 1.79 0.00 0.00 0.00 201.33 2332.63 437.95 -1.20 0.00 -0.00 -0.03 0.00 -0.13 0.43 2289.39 530.96 2.55 2290.09 529.13 2.46 
2291.67 532.30 1.79 0.03 0.01 0.00 202.23 2333.41 436.14 -2.86 0.02 -0.05 0.01 -0.03 0.57 0.36 2291.61 531.82 2.56 2292.65 529.30 2.48 
2293.78 533.24 1.79 0.03 0.01 0.00 205.59 2333.72 435.43 -1.80 0.00 -0.00 0.01 -0.03 -0.18 0.40 2293.75 532.75 2.55 2294.59 531.00 2.43 
2294.02 533.36 1.79 0.00 0.00 0.00 204.47 2333.72 435.43 -1.40 0.00 -0.00 0.01 0.08 -0.09 0.43 2293.91 532.83 2.55 2294.73 531.03 2.44 
2294.02 533.36 1.79 0.00 0.00 0.00 204.47 2333.71 435.41 -1.18 -0.00 -0.00 0.01 0.15 -0.13 0.37 2293.91 532.84 2.55 2294.70 531.10 2.44 
2294.02 533.36 1.79 0.00 0.00 0.00 204.47 2333.61 435.20 -1.10 -0.01 -0.02 0.00 0.11 -0.14 0.41 2293.91 532.84 2.55 2294.73 531.08 2.45 
2294.02 533.36 1.79 0.00 0.00 0.00 204.47 2333.40 434.75 -1.05 -0.02 -0.05 0.00 0.09 -0.13 0.41 2293.91 532.83 2.55 2294.73 531.03 2.45 
2294.02 533.36 1.79 0.00 0.00 0.00 204.47 2333.01 433.93 -0.89 -0.02 -0.04 0.01 0.11 -0.14 0.40 2293.91 532.84 2.55 2294.72 531.04 2.43 
2294.02 533.36 1.79 0.00 0.00 0.00 204.47 2332.43 432.69 -0.58 -0.01 -0.02 -0.00 -0.14 0.10 0.42 2293.91 532.83 2.55 2294.86 530.74 2.42 
2294.02 533.36 1.79 0.00 0.00 0.00 204.47 2332.28 432.38 -0.52 -0.01 -0.03 0.01 0.07 -0.09 0.39 2293.91 532.84 2.55 2294.74 531.00 2.43 
2294.02 533.36 1.79 0.00 0.00 0.00 204.47 2331.76 431.27 -0.51 -0.00 -0.02 -0.00 0.10 -0.11 0.42 2293.91 532.83 2.55 2294.73 531.04 2.44 
2294.02 533.36 1.79 0.00 0.00 0.00 204.47 2331.72 431.18 -0.52 -0.00 -0.01 -0.00 0.02 -0.02 0.41 2293.91 532.83 2.55 2294.77 530.94 2.44 
