27.4654 0.0197526 -0.0207908 -0.000112366 0 0 -0 27.3527 0.0201302 -0.0181886 -9.87068e-05 0 0 -0 27.2369 0.0200173 -0.0185276 -0.000100974 0 0 -0 27.11 0.0199622 -0.0188086 -0.000102985 0 0 -0 27.0211 0.019837 -0.0217549 -0.00011951 0 0 -0 26.7124 0.00865935 -0.0422846 -0.000234974 0 0 -0 26.4533 0.00865755 -0.0417802 -0.000234445 0 0 -0 26.2248 0.0127349 -0.02185 -0.000123677 0 0 -0 26.0651 0.0201936 -0.0180639 -0.000102873 0 0 -0 25.8495 0.0067852 -0.0397559 -0.000228297 0 0 -0 0.222059 0.110012 0 0 0.542722 0.103791 0.25662 0.0716231 1 
16.696 0.0407511 -0.0102708 0 0 0 0 16.6517 0.040214 -0.009448 0 0 0 0 16.5782 0.0403498 -0.00819335 0 0 0 0 16.5337 0.0400872 -0.00605889 0 0 0 0 15.8052 0.0402521 -0.00461723 -4.33653e-05 0 0 -0 15.7627 0.0400413 -0.0054691 -5.15046e-05 0 0 -0 15.7207 0.0401388 -0.0109007 -0.000102931 -0.0115603 0.0237489 0.000224251 15.5771 0.040064 -0.0114937 -0.000109531 -0.000511635 0.00105342 1.00387e-05 15.4345 0.0398511 -0.00925084 -8.89716e-05 -0.00405359 0.0287136 0.000276158 14.9308 0.0402619 -0.0094828 -9.42798e-05 -0.00261935 0.0876608 0.000871541 0.0979709 0.0802082 0 0 10.042 0.576965 4.23975 0.444373 1 
16.0713 0.0429855 0.00860358 0 0 0 0 16.1649 0.043132 0.014919 0 0 0 0 16.2492 0.0431618 0.0132707 0 0 0 0 16.2859 0.0432545 0.00301213 0 0 0 0 16.3187 0.0428875 0.00421134 0 0 0 0 16.3595 0.0432825 0.00835034 0 0 0 0 16.4083 0.0436815 0.00761867 0 0 0 0 16.504 0.0430404 0.0124116 0 0 0 0 16.5717 0.0430626 0.00747427 0 0 0 0 16.5947 0.0429981 0.00545941 0 0 0 0 0.18337 0.126515 0 0 3.74129 0.257236 0.556595 0.151934 1 
14.5595 0.0108006 -0.0410842 0.000418884 0 0 -0 14.3688 0.0200531 -0.0192161 0.000198524 0 0 -0 14.2996 0.0202424 -0.0192782 0.000200129 0 0 -0 14.0091 0.0204673 -0.0204312 0.000216496 0.0017153 0.0239552 -0.000253838 13.8089 0.0205787 -0.0212614 0.000228561 0.00393059 0.0119142 -0.000128078 13.6464 0.0203218 -0.02029 0.000220716 0 0 -0 13.5252 0.0200277 -0.0209133 0.000229534 0 0 -0 13.4415 0.0200414 -0.0207131 0.000228753 0 0 -0 13.3304 0.0203474 -0.0187405 0.000208693 0 0 -0 13.1741 0.0206528 -0.0187841 0.00021166 0 0 -0 0.0147176 0.10954 0 0 1.34338 0.15024 0.451409 0.0947474 1 
12.1951 0.0398378 -0.00309241 3.76432e-05 0 0 0 12.1827 0.0396963 -0.000347405 4.23319e-06 0 0 0 12.1981 0.0393542 0.00100352 -1.22126e-05 0 0 0 12.2021 0.0399299 0.000441573 -5.37209e-06 0 0 0 12.1942 0.0399853 -0.00451947 5.50183e-05 0 0 0 12.1583 0.0398709 -0.00488007 5.95839e-05 0 0 0 12.1388 0.039733 -0.00414492 5.06893e-05 0 0 0 12.1216 0.0396576 -0.00284023 3.47831e-05 0 0 0 12.1144 0.0396172 0.00197 -2.41402e-05 0 0 0 12.1215 0.039537 0.000811684 -9.94043e-06 0 0 0 0.0470198 0.0899312 0 0 3.82198 1.98476e-06 0.551161 2.50257e-06 1 
11.5459 0.0396475 -0.00467093 0 0 0 0 11.534 0.039386 -0.00187023 0 0 0 0 11.5157 0.0394582 -0.0026403 0 0 0 0 11.5231 0.0402335 0.00169254 0 0 0 0 11.5272 0.0399661 0.000534675 0 0 0 0 11.5262 0.039662 0.000160422 0 0 0 0 11.5 0.0395093 -0.00506922 0 0 0 0 11.4561 0.0397873 -0.0033622 0 0 0 0 11.4415 0.0395314 -0.00266611 0 0 0 0 11.4251 0.0394912 -0.00171942 0 0 0 0 0.0612458 0.052065 0 0 4.23175 2.438e-06 0.725296 3.69393e-06 1 
10.988 0.0397429 -0.00391378 0 0 0 0 10.9607 0.0400603 -0.00602639 0 0 0 0 10.9205 0.0396006 -0.00306948 0 0 0 0 10.9118 0.0394034 -0.00202301 0 0 0 0 10.8942 0.039701 -0.000168397 0 0 0 0 10.9074 0.0400386 0.00141119 0 0 0 0 10.9098 0.0399282 0.000401643 0 0 0 0 10.8879 0.0395394 -0.00478973 0 0 0 0 10.8549 0.0398495 -0.00383425 0 0 0 0 10.8433 0.0394275 -0.00161608 0 0 0 0 0.0834269 0.0822025 0 0 3.9224 0.0906014 0.808705 0.0716281 1 
10.6938 0.0399109 0.00146242 0 0 0 0 10.7003 0.0394854 4.14964e-05 0 0 0 0 10.6926 0.0399448 -0.00299273 0 0 0 0 10.6674 0.0399651 -0.00354648 0 0 0 0 10.6494 0.0397546 -0.00159281 0 0 0 0 10.633 0.0394513 -0.00112472 0 0 0 0 10.6407 0.0402816 0.00112343 0 0 0 0 10.6434 0.0397717 0.000444736 0 0 0 0 10.6245 0.0396147 -0.00400517 0 0 0 0 10.5949 0.0397723 -0.00285262 0 0 0 0 0.0105708 0.0824036 0 0 4.9613 0.415137 1.15119 0.240217 1 
11.5247 0.0416686 0.0130933 -0.000168655 0 0 -0 11.6055 0.0424597 0.0105146 -0.000134496 0 0 -0 11.6356 0.0423048 0.00796429 -0.00010161 0 0 -0 11.6823 0.0422947 0.00065199 -8.28494e-06 0 0 -0 11.6873 0.0424398 0.00137762 -1.74981e-05 0 0 -0 11.6979 0.0418878 0.00384746 -4.88252e-05 0 0 -0 11.7309 0.0422705 0.00688653 -8.71453e-05 0 0 -0 11.8173 0.0424134 0.0115435 -0.000145009 0 0 -0 11.8857 0.0425048 0.00896308 -0.000111946 0 0 -0 11.9075 0.0422277 0.00594666 -7.41361e-05 0 0 -0 0.0451421 0.0678206 0 0 5.13384 0.47563 0.720112 0.352696 1 
13.6042 0.039304 0.00103736 6.76514e-07 0.0316246 0.0242616 1.58222e-05 13.4316 0.039726 -0.000362146 -2.34436e-07 0.0336089 0.0204403 1.32321e-05 13.2741 0.0399137 0.00375826 2.38988e-06 0.0343505 0.0198337 1.26122e-05 13.1591 0.039447 0.00271873 1.71667e-06 0.0347758 0.0189652 1.19751e-05 13.0333 0.0396454 0.0024801 1.54362e-06 0.0314749 0.0240322 1.49577e-05 12.8512 0.0399178 -0.00257933 -1.57494e-06 0.0314547 0.0247804 1.5131e-05 12.6696 0.0399879 -0.00125042 -7.55709e-07 0.0310642 0.0253422 1.53158e-05 12.5192 0.0393118 0.000569145 3.4119e-07 0.0335415 0.021288 1.27617e-05 12.4423 0.0397206 -0.000847078 -5.03046e-07 0.0330822 0.0212822 1.26387e-05 12.3881 0.0394085 0.00415369 2.4138e-06 0.0356911 -0.00629236 -3.65663e-06 0.086374 0.0770799 0 0 0.815888 2.27939e-06 0.435114 2.2605e-06 1 
19.2211 0.0396417 -0.00262995 -1.5148e-06 0.00464616 -0.0294218 -1.69464e-05 19.3975 0.0396849 -0.00227573 -1.29639e-06 0.00101504 -0.0279047 -1.58962e-05 19.6698 0.0397797 -0.000909019 -5.09462e-07 -0.00296463 -0.0262627 -1.4719e-05 19.871 0.0396164 0.00154479 8.57324e-07 0.0186322 -0.0336062 -1.86508e-05 20.0646 0.0402783 0.00389561 2.14151e-06 0.0281118 -0.0364262 -2.00244e-05 20.3504 0.0399248 0.00308017 1.67234e-06 0.00835424 -0.0300224 -1.63003e-05 20.38 0.0396811 0.00247134 1.33753e-06 0.0143091 0.013604 7.36272e-06 20.2207 0.0394947 -0.00310042 -1.68417e-06 0.0193913 0.021316 1.1579e-05 20.053 0.03947 -0.00207757 -1.13177e-06 0.021217 0.0204705 1.11514e-05 19.9946 0.0393113 0.000565561 3.08314e-07 0.0354251 0.0166626 9.08355e-06 0.0683665 0.0431743 0 0 1.45379 0.453517 0.464219 0.393902 1 
16.6514 0.0403031 0.000419986 -7.64739e-08 0.0328302 0.113715 -2.07059e-05 15.8991 0.0399714 -0.000188813 2.88104e-08 0.0315205 0.109751 -1.67465e-05 15.3546 0.0396621 -0.000910829 2.69133e-07 0.0291025 0.102362 -3.02461e-05 14.5825 0.0399564 -0.00616479 1.56715e-06 0.0323888 0.115508 -2.93631e-05 13.7927 0.0397573 -0.00432709 8.95677e-07 0.029463 0.107064 -2.21615e-05 12.8578 0.0397856 -0.00334809 4.7574e-07 0.0303205 0.113957 -1.61925e-05 11.7044 0.0396309 0.00100978 -1.20093e-07 0.0291328 0.110079 -1.30916e-05 10.9929 0.0396882 0.00040635 -4.79063e-08 0.0274723 0.105771 -1.24697e-05 10.0525 0.039693 -0.000377719 4.45634e-08 0.0286883 0.110214 -1.3003e-05 9.65944 0.0394398 -0.00542258 6.18637e-07 0.0259758 0.107776 -1.22957e-05 0.0937443 0.15752 0 0 0.574846 0.905932 0.238464 0.412986 1 
7.26465 0.0393006 0.00565856 6.87005e-06 -0.0168028 0.0283253 3.43897e-05 7.15977 0.040095 -0.00156487 -1.90828e-06 -0.0200611 0.0302865 3.6933e-05 6.97966 0.039818 -0.000313233 -3.87297e-07 -0.018084 0.0232558 2.87546e-05 6.83636 0.0392927 0.00147545 1.84249e-06 -0.018485 0.021196 2.64688e-05 6.70417 0.0393051 0.00139306 1.7548e-06 -0.0193247 0.0204175 2.57192e-05 6.52471 0.0396427 0.00596925 7.61538e-06 -0.0231012 0.0273199 3.48539e-05 6.4694 0.0396327 0.00557963 7.10759e-06 -0.0239853 0.0255316 3.25233e-05 6.27554 0.0392856 0.0066703 8.63611e-06 -0.0222977 0.0206353 2.67168e-05 6.19117 0.0394385 0.000870194 1.13034e-06 -0.0220087 0.0182995 2.37701e-05 6.06638 0.0396748 0.000546375 7.15396e-07 -0.0194481 0.0233173 3.05305e-05 0.0857343 0.0488409 0 0 9.7543 0.0679336 0.985147 0.0716073 1 
14.5005 0.02002 -0.0210373 0 0.077327 0.0713003 0 13.9646 0.0200382 -0.0210002 0 0.0781473 0.0699527 0 13.6275 0.0199909 -0.0204111 0 0.0791959 0.0692034 0 12.962 0.0327442 -0.00663616 0 0.0813857 0.0661571 0 12.4992 0.0399886 -0.00084523 0 0.0833604 0.0636509 0 12.1749 0.0395612 -0.00267671 0 0.0839348 0.0628914 0 11.7108 0.04012 -0.00603874 0 0.0856773 0.0609131 0 11.387 0.0394481 -0.00550581 0 0.0871367 0.0590404 0 10.9767 0.0394145 -0.00346206 0 0.0883873 0.056463 0 10.5805 0.0393372 -0.00441762 0 0.0907811 0.0533379 0 0.0723698 0.0959418 0 0 3.84533 2.2871e-06 0.506616 3.44003e-06 1 
10.9227 0.0243244 0.0258516 0 0.0996263 -0.0327851 0 11.1807 0.025568 0.00920847 0 0.0990872 -0.0360345 0 11.556 0.0257436 0.0106982 0 0.0965847 -0.0409858 0 11.8782 0.0246797 0.0299661 0 0.0955291 -0.0432949 0 12.48 0.0257605 0.0344067 0 0.0925785 -0.0492897 0 12.9152 0.0258975 0.0179849 0 0.0913587 -0.0515156 0 13.3659 0.0257404 0.010749 0 0.0896482 -0.054944 0 13.7145 0.0257575 0.0127809 0 0.0886203 -0.0567136 0 14.1578 0.0256869 0.00654528 0 0.0863898 -0.0594732 0 14.8425 0.0251095 0.0280869 0 0.0844376 -0.0625504 0 0.095109 0.105999 0 0 5.39121 0.362376 0.740613 0.18949 1 
18.287 0.0392843 -0.00359144 0 0.0688915 -0.0792041 -0 18.8174 0.0399593 -0.00194729 0 0.066848 -0.0808189 -0 19.2175 0.0399639 -0.00115893 0 0.066675 -0.0809616 -0 19.4824 0.0395073 0.000894531 0 0.0665688 -0.081049 -0 19.8994 0.0404451 0.00345474 0 0.0724543 -0.0758326 -0 20.417 0.0399292 0.00302112 0 0.0793657 -0.0687921 -0 20.7652 0.0392964 0.00139207 0 0.0794038 -0.0693168 -0 21.2088 0.0399847 -0.00291152 0 0.0782319 -0.0698566 -0 21.6696 0.0394235 -0.000396795 0 0.0774793 -0.0706904 -0 22.1489 0.0399763 -0.000624777 0 0.077925 -0.072825 -0 0.0913553 0.116154 0 0 1.73015 0.423099 0.673946 0.265567 1 
22.6894 -0.0392945 -0.00130654 0 -0.104749 -0.00526783 0 22.7296 -0.0392881 -0.00149581 0 -0.104629 -0.00728315 0 22.7849 -0.0398033 0.00124491 0 -0.104478 -0.00920328 0 22.864 -0.040058 0.00222356 0 -0.104684 -0.011536 0 22.9294 -0.0392746 -0.0033931 0 -0.104118 -0.0126388 0 22.9595 -0.0399419 -0.00311216 0 -0.103273 0.0182965 0 22.585 -0.0399111 -0.00403183 0 -0.085256 0.061088 0 22.1608 -0.0393115 -0.000598298 0 -0.0860708 0.0599335 0 21.9573 -0.0393277 0.000329066 0 -0.0867771 0.0597967 0 21.5596 -0.0393485 0.000814597 0 -0.0871646 0.0583313 0 0.103082 0.123496 0 0 3.22502 1.14529e-06 0.720639 1.80242e-06 1 
