2021.18 1341.05 10.81 0.00 0.00 0.00 311.98 2041.61 1358.95 10.82 0.00 0.00 0.00 0.14 -0.16 0.41 2021.70 1341.09 11.58 2023.09 1342.35 11.56 
2021.18 1341.05 10.81 0.00 0.00 0.00 311.98 2041.61 1358.95 10.82 0.00 0.00 0.00 0.17 -0.18 0.41 2021.70 1341.09 11.58 2023.07 1342.32 11.56 
2021.18 1341.05 10.81 0.00 0.00 0.00 311.98 2041.61 1358.95 10.82 0.00 0.00 0.00 0.17 -0.17 0.41 2021.70 1341.09 11.58 2023.07 1342.32 11.56 
2021.43 1339.78 10.81 0.00 0.00 0.00 303.26 2041.61 1358.95 10.82 0.00 0.00 0.00 0.10 -0.16 0.38 2021.92 1339.72 11.63 2023.45 1340.72 11.84 
2021.43 1339.78 10.81 0.00 0.00 0.00 303.26 2041.61 1358.95 10.82 0.00 0.00 0.00 0.09 -0.15 0.38 2021.92 1339.72 11.63 2023.46 1340.73 11.84 
2022.48 1339.33 10.82 0.00 0.00 0.00 333.02 2041.61 1358.95 10.82 0.00 0.00 0.00 0.26 -0.12 0.36 2022.93 1339.51 11.64 2023.71 1341.04 11.86 
2022.48 1339.33 10.82 0.00 0.00 0.00 333.02 2041.61 1358.95 10.82 0.00 0.00 0.00 0.17 -0.08 0.37 2022.93 1339.51 11.64 2023.76 1341.14 11.87 
2022.48 1339.33 10.82 0.00 0.00 0.00 333.02 2041.61 1358.95 10.82 0.00 0.00 0.00 0.16 -0.08 0.37 2022.93 1339.51 11.64 2023.76 1341.14 11.86 
2023.51 1338.51 10.82 0.00 0.00 0.00 316.91 2041.61 1358.95 10.82 0.00 0.00 0.00 0.14 -0.13 0.34 2023.95 1338.50 11.69 2025.09 1339.73 12.20 
2023.51 1338.51 10.82 0.00 0.00 0.00 316.91 2041.61 1358.95 10.82 0.00 0.00 0.00 0.12 -0.12 0.35 2023.94 1338.51 11.69 2025.10 1339.75 12.21 
2023.51 1338.51 10.82 0.00 0.00 0.00 316.91 2041.61 1358.95 10.82 0.00 0.00 0.00 0.13 -0.12 0.36 2023.94 1338.51 11.69 2025.10 1339.75 12.22 
2039.06 1301.09 10.67 0.00 -0.09 0.00 1.17 2041.61 1358.95 10.82 0.00 0.00 0.00 0.32 0.02 0.37 2039.35 1301.37 11.47 2039.32 1303.13 11.60 
2039.06 1300.78 10.67 -0.00 -0.02 0.00 358.45 2041.61 1358.95 10.82 0.00 0.00 0.00 0.34 -0.00 0.38 2039.38 1301.15 11.47 2039.42 1302.88 11.57 
2039.06 1300.61 10.67 -0.00 -0.04 0.00 358.65 2041.61 1358.95 10.82 0.00 0.00 0.00 0.33 -0.00 0.39 2039.37 1300.96 11.46 2039.41 1302.69 11.56 
2039.05 1300.47 10.67 -0.00 -0.04 0.00 358.84 2041.61 1358.95 10.82 0.00 0.00 0.00 0.36 0.00 0.40 2039.37 1300.67 11.46 2039.41 1302.51 11.54 
2063.87 1324.87 10.67 0.03 0.02 0.00 33.24 2041.61 1358.95 10.82 0.00 0.00 0.00 0.14 0.12 0.40 2064.00 1325.45 11.45 2062.95 1327.02 11.48 
2064.08 1325.05 10.67 0.03 0.02 0.00 33.89 2041.61 1358.95 10.82 0.00 0.00 0.00 0.20 0.18 0.41 2064.17 1325.61 11.45 2063.16 1327.11 11.46 
2064.23 1325.18 10.67 0.03 0.02 0.00 33.89 2041.61 1358.95 10.82 0.00 0.00 0.00 0.11 0.13 0.41 2064.36 1325.76 11.45 2063.29 1327.35 11.47 
2065.58 1326.21 10.67 0.02 0.02 0.00 41.50 2041.61 1358.95 10.82 0.00 0.00 0.00 0.03 0.18 0.63 2065.63 1326.81 11.42 2064.32 1328.29 11.30 
2061.27 1332.70 10.67 -0.03 -0.02 0.00 38.96 2041.61 1358.95 10.82 0.00 0.00 0.00 0.19 0.11 0.41 2061.19 1333.18 11.44 2060.01 1334.64 11.38 
2061.15 1332.61 10.67 0.00 0.00 0.00 40.98 2041.61 1358.95 10.82 0.00 0.00 0.00 0.14 0.12 0.39 2061.13 1333.11 11.48 2059.92 1334.51 11.62 
2061.15 1332.61 10.67 0.00 0.00 0.00 40.98 2041.61 1358.95 10.82 0.00 0.00 0.00 0.14 0.12 0.39 2061.13 1333.11 11.48 2059.92 1334.51 11.62 
2061.15 1332.61 10.67 0.00 0.00 0.00 43.21 2041.61 1358.95 10.82 0.00 0.00 0.00 0.14 0.13 0.37 2061.13 1333.09 11.50 2059.90 1334.40 11.77 
2061.15 1332.61 10.67 0.00 0.00 0.00 43.21 2041.61 1358.95 10.82 0.00 0.00 0.00 0.19 0.17 0.36 2061.13 1333.09 11.50 2059.94 1334.35 11.76 
2061.15 1332.61 10.67 0.00 0.00 0.00 43.21 2041.61 1358.95 10.82 0.00 0.00 0.00 0.40 0.37 0.32 2061.13 1333.09 11.50 2060.14 1334.14 11.72 
2061.15 1332.61 10.67 0.00 0.00 0.00 43.21 2041.61 1358.95 10.82 0.00 0.00 0.00 0.38 0.36 0.34 2061.13 1333.09 11.50 2060.12 1334.16 11.73 
2077.54 1382.23 10.67 0.01 0.02 0.00 123.57 2041.61 1358.95 10.82 0.00 0.00 0.00 -0.12 0.17 0.39 2077.21 1382.41 11.61 2075.63 1381.36 11.76 
2078.01 1382.57 10.82 0.08 0.05 0.00 123.57 2041.61 1358.95 10.82 0.00 0.00 0.00 -0.12 0.18 0.39 2077.62 1382.68 11.62 2076.06 1381.65 11.76 
2078.25 1382.75 10.82 0.04 0.03 0.00 123.66 2041.61 1358.95 10.82 0.00 0.00 0.00 -0.12 0.18 0.38 2077.79 1382.81 11.62 2076.26 1381.78 11.74 
2078.41 1382.89 10.82 0.03 0.02 0.00 123.94 2041.61 1358.95 10.82 0.00 0.00 0.00 -0.11 0.17 0.39 2077.93 1382.93 11.61 2076.36 1381.86 11.73 
2078.12 1382.42 10.82 0.00 -0.03 0.00 100.56 2041.61 1358.95 10.82 0.00 0.00 0.00 0.03 0.19 0.41 2077.70 1382.58 11.62 2075.86 1382.25 11.74 
2078.16 1382.12 10.82 0.00 -0.03 0.00 100.39 2041.61 1358.95 10.82 0.00 0.00 0.00 0.00 0.22 0.39 2077.73 1382.32 11.62 2075.92 1381.98 11.74 
2078.18 1381.90 10.82 0.00 -0.03 0.00 100.39 2041.61 1358.95 10.82 0.00 0.00 0.00 0.00 0.23 0.40 2077.75 1382.10 11.62 2075.95 1381.76 11.75 
2078.21 1381.69 10.82 0.00 -0.03 0.00 100.39 2041.61 1358.95 10.82 0.00 0.00 0.00 -0.01 0.22 0.40 2077.79 1381.86 11.62 2075.98 1381.53 11.75 
2078.44 1383.47 10.81 0.08 0.07 0.00 125.33 2041.61 1358.95 10.82 0.00 0.00 0.00 -0.13 0.15 0.37 2078.09 1383.64 11.67 2076.64 1382.61 12.11 
2078.63 1383.70 10.81 0.03 0.04 0.00 125.33 2041.61 1358.95 10.82 0.00 0.00 0.00 -0.13 0.16 0.35 2078.22 1383.83 11.68 2076.82 1382.83 12.11 
2077.91 1384.82 10.81 -0.01 0.03 0.00 103.85 2041.61 1358.95 10.82 0.00 0.00 0.00 -0.08 0.18 0.36 2077.49 1385.11 11.65 2075.77 1384.69 12.01 
2077.85 1387.46 10.81 0.02 0.05 0.00 148.38 2041.61 1358.95 10.82 0.00 0.00 0.00 -0.17 0.10 0.38 2077.50 1387.52 11.65 2076.53 1385.94 12.04 
2078.05 1387.84 10.81 0.00 0.02 0.00 148.38 2041.61 1358.95 10.82 0.00 0.00 0.00 -0.18 0.10 0.37 2077.65 1387.80 11.67 2076.71 1386.27 12.04 
2078.12 1388.20 10.81 0.00 -0.03 0.00 108.32 2041.61 1358.95 10.82 0.00 0.00 0.00 -0.02 0.19 0.36 2077.72 1388.33 11.66 2076.04 1387.78 12.02 
2078.16 1387.97 10.81 0.00 -0.03 0.00 108.32 2041.61 1358.95 10.82 0.00 0.00 0.00 -0.03 0.21 0.35 2077.76 1388.10 11.66 2076.11 1387.55 12.01 
2078.21 1387.78 10.81 0.01 -0.03 0.00 108.32 2041.61 1358.95 10.82 0.00 0.00 0.00 -0.02 0.22 0.36 2077.83 1387.86 11.66 2076.18 1387.31 12.02 
2077.66 1386.84 10.81 -0.02 -0.02 0.00 132.72 2041.61 1358.95 10.82 0.00 0.00 0.00 -0.13 0.14 0.30 2077.24 1386.89 11.70 2076.10 1385.84 12.34 
2076.04 1386.60 10.67 0.02 0.02 0.00 131.82 2041.61 1358.95 10.82 0.00 0.00 0.00 -0.13 0.14 0.34 2075.66 1386.71 11.55 2074.45 1385.63 12.19 
2076.13 1386.71 10.67 0.01 0.02 0.00 131.82 2041.61 1358.95 10.82 0.00 0.00 0.00 -0.14 0.15 0.35 2075.85 1386.89 11.54 2074.61 1385.79 12.19 
2076.57 1387.14 10.67 0.07 0.07 0.00 131.82 2041.61 1358.95 10.82 0.00 0.00 0.00 -0.15 0.15 0.36 2076.21 1387.24 11.54 2074.97 1386.14 12.19 
2077.25 1385.82 10.67 0.02 -0.03 0.00 118.84 2041.61 1358.95 10.82 0.00 0.00 0.00 -0.05 0.18 0.33 2076.93 1385.91 11.55 2075.49 1385.12 12.16 
2077.40 1385.63 10.81 0.02 -0.03 0.00 118.84 2041.61 1358.95 10.82 0.00 0.00 0.00 -0.06 0.20 0.33 2077.05 1385.71 11.69 2075.64 1384.93 12.30 
2078.24 1384.46 10.81 0.03 -0.01 0.00 148.16 2041.61 1358.95 10.82 0.00 0.00 0.00 -0.18 0.15 0.28 2077.94 1384.43 11.68 2077.17 1383.19 12.45 
2078.50 1384.36 10.81 0.03 -0.01 0.00 148.16 2041.61 1358.95 10.82 0.00 0.00 0.00 -0.13 0.13 0.31 2078.16 1384.33 11.69 2077.37 1383.05 12.49 
2079.51 1383.23 10.81 0.01 -0.03 0.00 101.83 2041.61 1358.95 10.82 0.00 0.00 0.00 -0.06 0.45 0.28 2079.19 1383.37 11.68 2077.75 1383.07 12.04 
2080.04 1382.18 10.82 0.03 -0.02 0.00 141.67 2041.61 1358.95 10.82 0.00 0.00 0.00 -0.12 0.14 0.32 2079.70 1382.13 11.71 2078.74 1380.92 12.41 
2080.23 1382.03 10.82 0.03 -0.02 0.00 141.67 2041.61 1358.95 10.82 0.00 0.00 0.00 -0.14 0.14 0.32 2079.90 1382.00 11.71 2078.94 1380.79 12.41 
2080.39 1381.92 10.82 0.03 -0.02 0.00 141.67 2041.61 1358.95 10.82 0.00 0.00 0.00 -0.14 0.14 0.31 2080.10 1381.88 11.70 2079.12 1380.66 12.41 
2081.82 1381.09 10.82 0.08 0.02 0.00 106.76 2041.61 1358.95 10.82 0.00 0.00 0.00 -0.07 0.21 0.39 2081.43 1381.29 11.63 2079.65 1380.76 11.83 
2083.23 1381.39 10.82 0.03 -0.02 0.00 141.00 2041.61 1358.95 10.82 0.00 0.00 0.00 -0.12 0.15 0.37 2082.82 1381.29 11.66 2081.69 1379.90 11.97 
2083.46 1381.22 10.82 0.03 -0.02 0.00 141.00 2041.61 1358.95 10.82 0.00 0.00 0.00 -0.13 0.16 0.37 2083.03 1381.13 11.66 2081.91 1379.75 11.97 
2083.59 1381.11 10.82 0.02 -0.02 0.00 141.00 2041.61 1358.95 10.82 0.00 0.00 0.00 -0.11 0.19 0.39 2083.22 1380.96 11.66 2082.09 1379.58 11.97 
2083.88 1380.01 10.82 0.01 -0.02 0.00 90.64 2041.61 1358.95 10.82 0.00 0.00 0.00 0.03 0.18 0.41 2083.46 1380.29 11.58 2081.53 1380.26 11.52 
2084.56 1378.50 10.82 0.01 -0.03 0.00 113.69 2041.61 1358.95 10.82 0.00 0.00 0.00 -0.04 0.20 0.39 2084.10 1378.56 11.62 2082.40 1377.82 11.74 
2084.64 1378.28 10.82 0.01 -0.03 0.00 113.69 2041.61 1358.95 10.82 0.00 0.00 0.00 -0.05 0.21 0.38 2084.19 1378.34 11.62 2082.51 1377.60 11.74 
2085.03 1376.66 10.67 -0.00 -0.04 0.00 89.52 2041.61 1358.95 10.82 0.00 0.00 0.00 0.04 0.40 0.32 2084.69 1376.94 11.51 2083.13 1376.95 11.81 
2085.02 1376.46 10.67 -0.00 -0.04 0.00 89.52 2041.61 1358.95 10.82 0.00 0.00 0.00 0.04 0.18 0.37 2084.69 1376.71 11.51 2082.90 1376.71 11.86 
2086.24 1373.49 10.67 0.00 -0.03 0.00 105.41 2041.61 1358.95 10.82 0.00 0.00 0.00 -0.01 0.19 0.35 2085.88 1373.63 11.53 2084.21 1373.18 11.97 
2086.30 1373.24 10.67 0.01 -0.03 0.00 105.41 2041.61 1358.95 10.82 0.00 0.00 0.00 -0.01 0.21 0.34 2085.93 1373.39 11.53 2084.29 1372.94 11.96 
2089.17 1369.82 10.67 0.06 0.00 0.00 105.06 2041.61 1358.95 10.82 0.00 0.00 0.00 -0.04 0.19 0.40 2088.85 1370.01 11.46 2086.99 1369.51 11.56 
2089.66 1369.93 10.67 0.07 0.01 0.00 105.15 2041.61 1358.95 10.82 0.00 0.00 0.00 -0.04 0.19 0.39 2089.30 1370.13 11.46 2087.46 1369.62 11.54 
2089.94 1369.98 10.67 0.02 0.00 0.00 105.44 2041.61 1358.95 10.82 0.00 0.00 0.00 -0.04 0.19 0.40 2089.49 1370.17 11.46 2087.66 1369.65 11.52 
2091.03 1371.00 10.67 0.02 0.02 0.00 94.56 2041.61 1358.95 10.82 0.00 0.00 0.00 -0.03 0.19 0.39 2090.64 1371.30 11.48 2088.78 1371.15 11.61 
2091.13 1371.01 10.67 0.01 -0.01 0.00 94.56 2041.61 1358.95 10.82 0.00 0.00 0.00 0.00 0.22 0.39 2090.76 1371.30 11.48 2088.91 1371.15 11.62 
2091.22 1370.89 10.67 0.01 -0.02 0.00 94.56 2041.61 1358.95 10.82 0.00 0.00 0.00 0.00 0.23 0.39 2090.83 1371.12 11.48 2089.02 1370.98 11.61 
2091.70 1369.96 10.67 0.00 -0.02 0.00 76.43 2041.61 1358.95 10.82 0.00 0.00 0.00 0.11 0.35 0.37 2091.41 1370.30 11.49 2089.79 1370.69 11.65 
2091.71 1369.82 10.67 0.00 -0.02 0.00 76.43 2041.61 1358.95 10.82 0.00 0.00 0.00 0.06 0.18 0.40 2091.43 1370.13 11.49 2089.63 1370.57 11.67 
2091.74 1369.63 10.67 -0.00 -0.02 0.00 76.43 2041.61 1358.95 10.82 0.00 0.00 0.00 0.06 0.19 0.40 2091.44 1369.97 11.49 2089.66 1370.41 11.67 
2091.80 1369.43 10.67 0.02 -0.03 0.00 76.43 2041.61 1358.95 10.82 0.00 0.00 0.00 0.10 0.19 0.41 2091.52 1369.80 11.48 2089.68 1370.26 11.67 
2092.43 1368.72 10.67 -0.00 0.03 0.00 105.30 2041.61 1358.95 10.82 0.00 0.00 0.00 -0.09 0.18 0.40 2091.95 1369.00 11.46 2090.13 1368.50 11.51 
2092.38 1369.00 10.67 -0.00 0.04 0.00 105.30 2041.61 1358.95 10.82 0.00 0.00 0.00 -0.09 0.18 0.40 2091.91 1369.24 11.46 2090.09 1368.73 11.51 
2092.36 1369.20 10.67 -0.00 0.04 0.00 105.30 2041.61 1358.95 10.82 0.00 0.00 0.00 -0.08 0.18 0.41 2091.88 1369.48 11.46 2090.06 1368.97 11.52 
2092.32 1369.41 10.67 -0.00 0.03 0.00 105.30 2041.61 1358.95 10.82 0.00 0.00 0.00 -0.09 0.17 0.41 2091.83 1369.72 11.46 2090.00 1369.22 11.52 
2091.90 1370.68 10.67 0.00 0.03 0.00 124.10 2041.61 1358.95 10.82 0.00 0.00 0.00 -0.13 0.15 0.38 2091.45 1370.83 11.49 2089.92 1369.79 11.73 
2091.97 1370.92 10.67 0.00 0.03 0.00 124.33 2041.61 1358.95 10.82 0.00 0.00 0.00 -0.13 0.16 0.38 2091.49 1371.04 11.50 2090.00 1370.01 11.75 
2091.95 1371.09 10.67 -0.00 0.02 0.00 124.33 2041.61 1358.95 10.82 0.00 0.00 0.00 -0.14 0.16 0.38 2091.46 1371.20 11.50 2089.98 1370.18 11.76 
2091.91 1371.22 10.67 -0.00 0.02 0.00 124.33 2041.61 1358.95 10.82 0.00 0.00 0.00 -0.14 0.15 0.39 2091.42 1371.36 11.50 2089.92 1370.34 11.76 
2053.85 1387.91 10.67 -0.01 0.01 0.00 154.77 2041.61 1358.95 10.82 0.00 0.00 0.00 -0.26 0.09 0.41 2053.36 1387.71 11.42 2052.58 1386.04 11.36 
2053.73 1388.05 10.67 -0.02 0.01 0.00 154.91 2041.61 1358.95 10.82 0.00 0.00 0.00 -0.21 0.07 0.41 2053.24 1387.82 11.42 2052.45 1386.12 11.34 
2053.64 1388.14 10.67 -0.01 0.02 0.00 155.11 2041.61 1358.95 10.82 0.00 0.00 0.00 -0.25 0.08 0.42 2053.12 1387.95 11.42 2052.35 1386.27 11.33 
2053.49 1388.30 10.67 -0.01 0.02 0.00 155.92 2041.61 1358.95 10.82 0.00 0.00 0.00 -0.27 0.08 0.43 2053.01 1388.05 11.42 2052.26 1386.39 11.33 
2053.51 1388.59 10.67 0.02 0.05 0.00 155.40 2041.61 1358.95 10.82 0.00 0.00 0.00 -0.29 0.07 0.44 2053.06 1388.41 11.43 2052.20 1386.57 11.34 
2054.05 1388.86 10.67 0.02 -0.00 0.00 155.40 2041.61 1358.95 10.82 0.00 0.00 0.00 -0.17 0.10 0.40 2053.64 1388.60 11.43 2052.85 1386.87 11.32 
2054.19 1388.86 10.67 0.02 -0.00 0.00 154.50 2041.61 1358.95 10.82 0.00 0.00 0.00 -0.17 0.10 0.40 2053.77 1388.60 11.43 2052.97 1386.89 11.34 
2043.77 1397.91 10.67 0.00 0.02 0.00 163.76 2041.61 1358.95 10.82 0.00 0.00 0.00 -0.26 0.07 0.37 2043.41 1397.76 11.48 2042.91 1396.04 11.71 
2043.93 1398.47 10.67 0.03 0.11 0.00 163.76 2041.61 1358.95 10.82 0.00 0.00 0.00 -0.29 0.08 0.37 2043.57 1398.29 11.48 2043.06 1396.56 11.71 
2044.01 1398.74 10.67 0.00 0.02 0.00 163.80 2041.61 1358.95 10.82 0.00 0.00 0.00 -0.30 0.08 0.36 2043.64 1398.55 11.49 2043.17 1396.90 11.70 
2044.06 1398.91 10.67 0.00 0.02 0.00 164.01 2041.61 1358.95 10.82 0.00 0.00 0.00 -0.16 0.03 0.01 2043.77 1398.70 11.33 2043.15 1396.88 11.32 
2035.11 1399.56 10.82 -0.00 0.07 0.00 178.29 2041.61 1358.95 10.82 0.00 0.00 0.00 -0.32 0.00 0.37 2034.80 1399.41 11.63 2034.75 1397.64 11.89 
2035.11 1399.93 10.82 -0.00 0.03 0.00 178.50 2041.61 1358.95 10.82 0.00 0.00 0.00 -0.32 -0.00 0.36 2034.79 1399.69 11.64 2034.74 1397.97 11.86 
2035.92 1399.82 10.82 0.02 -0.01 0.00 197.66 2041.61 1358.95 10.82 0.00 0.00 0.00 -0.31 -0.08 0.39 2035.76 1399.33 11.61 2036.28 1397.70 11.69 
2036.07 1399.74 10.82 0.02 -0.01 0.00 197.66 2041.61 1358.95 10.82 0.00 0.00 0.00 -0.33 -0.09 0.39 2035.92 1399.25 11.61 2036.43 1397.64 11.68 
2036.19 1399.68 10.82 0.02 -0.01 0.00 197.72 2041.61 1358.95 10.82 0.00 0.00 0.00 -0.33 -0.09 0.38 2036.06 1399.18 11.61 2036.58 1397.56 11.67 
2036.37 1399.58 10.82 0.02 -0.01 0.00 197.73 2041.61 1358.95 10.82 0.00 0.00 0.00 -0.38 -0.05 0.16 2036.31 1399.13 11.44 2036.73 1397.55 11.44 
2037.85 1399.97 10.67 0.03 0.01 0.00 201.54 2041.61 1358.95 10.82 0.00 0.00 0.00 -0.30 -0.08 0.38 2037.72 1399.50 11.48 2038.35 1397.89 11.61 
2038.05 1400.05 10.67 0.03 0.01 0.00 201.54 2041.61 1358.95 10.82 0.00 0.00 0.00 -0.31 -0.08 0.37 2037.97 1399.60 11.48 2038.60 1398.00 11.60 
2038.64 1399.43 10.67 0.03 -0.00 0.00 184.99 2041.61 1358.95 10.82 0.00 0.00 0.00 -0.34 -0.04 0.44 2038.40 1399.01 11.45 2038.43 1397.25 11.47 
2038.92 1399.40 10.67 0.03 -0.00 0.00 176.09 2041.61 1358.95 10.82 0.00 0.00 0.00 -0.30 0.05 0.39 2038.61 1399.05 11.48 2038.50 1397.32 11.65 
2039.14 1399.37 10.67 0.03 -0.00 0.00 175.60 2041.61 1358.95 10.82 0.00 0.00 0.00 -0.31 0.05 0.37 2038.84 1399.09 11.53 2038.72 1397.47 11.97 
2039.30 1399.35 10.67 0.03 -0.00 0.00 173.37 2041.61 1358.95 10.82 0.00 0.00 0.00 -0.22 0.05 0.32 2039.07 1399.14 11.55 2038.86 1397.59 12.21 
2039.63 1399.31 10.67 0.03 -0.00 0.00 171.80 2041.61 1358.95 10.82 0.00 0.00 0.00 -0.18 0.06 0.34 2039.32 1399.12 11.56 2039.08 1397.56 12.26 
2039.82 1399.29 10.67 0.03 -0.00 0.00 170.91 2041.61 1358.95 10.82 0.00 0.00 0.00 -0.21 0.05 0.32 2039.54 1399.10 11.56 2039.29 1397.65 12.33 
2040.05 1399.25 10.67 0.03 -0.00 0.00 170.69 2041.61 1358.95 10.82 0.00 0.00 0.00 -0.20 0.06 0.31 2039.78 1399.09 11.55 2039.54 1397.69 12.40 
2040.32 1399.17 10.67 0.03 -0.01 0.00 173.15 2041.61 1358.95 10.82 0.00 0.00 0.00 -0.16 0.09 0.29 2040.03 1399.02 11.55 2039.89 1397.64 12.46 
2040.58 1399.13 10.67 0.04 -0.00 0.00 183.22 2041.61 1358.95 10.82 0.00 0.00 0.00 -0.17 0.08 0.23 2040.34 1398.91 11.55 2040.45 1397.53 12.38 
2040.75 1399.14 10.67 0.03 0.00 0.00 188.37 2041.61 1358.95 10.82 0.00 0.00 0.00 -0.35 -0.00 0.18 2040.60 1398.87 11.55 2040.83 1397.59 12.23 
2041.03 1399.16 10.67 0.03 0.00 0.00 191.95 2041.61 1358.95 10.82 0.00 0.00 0.00 -0.38 -0.01 0.20 2040.85 1398.89 11.55 2041.16 1397.56 12.15 
2041.26 1399.22 10.67 0.03 0.01 0.00 193.74 2041.61 1358.95 10.82 0.00 0.00 0.00 -0.42 -0.04 0.22 2041.11 1398.88 11.53 2041.47 1397.48 11.93 
2041.53 1399.29 10.67 0.03 0.01 0.00 194.41 2041.61 1358.95 10.82 0.00 0.00 0.00 -0.44 -0.07 0.32 2041.35 1398.89 11.50 2041.73 1397.40 11.76 
2041.72 1399.34 10.67 0.03 0.00 0.00 192.84 2041.61 1358.95 10.82 0.00 0.00 0.00 -0.41 -0.11 0.38 2041.55 1398.92 11.47 2041.81 1397.31 11.58 
2041.92 1399.36 10.67 0.03 -0.00 0.00 180.76 2041.61 1358.95 10.82 0.00 0.00 0.00 -0.32 -0.04 0.41 2041.67 1398.97 11.45 2041.47 1397.21 11.47 
2042.21 1399.29 10.67 0.03 -0.01 0.00 167.33 2041.61 1358.95 10.82 0.00 0.00 0.00 -0.34 0.05 0.41 2041.85 1398.97 11.47 2041.42 1397.29 11.54 
2042.43 1399.21 10.67 0.03 -0.01 0.00 164.42 2041.61 1358.95 10.82 0.00 0.00 0.00 -0.32 0.11 0.39 2042.07 1398.94 11.51 2041.62 1397.34 11.78 
2042.62 1399.15 10.67 0.03 -0.01 0.00 168.00 2041.61 1358.95 10.82 0.00 0.00 0.00 -0.12 0.19 0.34 2042.34 1398.87 11.54 2042.14 1397.15 12.01 
2042.85 1399.11 10.67 0.03 0.00 0.00 182.55 2041.61 1358.95 10.82 0.00 0.00 0.00 -0.25 0.07 0.30 2042.64 1398.78 11.52 2042.83 1397.13 11.94 
2043.05 1399.13 10.67 0.03 0.00 0.00 188.14 2041.61 1358.95 10.82 0.00 0.00 0.00 -0.41 -0.00 0.31 2042.90 1398.76 11.49 2043.16 1397.18 11.71 
2043.36 1399.18 10.67 0.03 0.00 0.00 182.77 2041.61 1358.95 10.82 0.00 0.00 0.00 -0.39 -0.09 0.39 2043.08 1398.78 11.45 2043.08 1397.07 11.45 
2045.63 1397.22 10.67 0.03 0.01 0.00 199.79 2041.61 1358.95 10.82 0.00 0.00 0.00 -0.40 -0.12 0.32 2045.58 1396.82 11.51 2046.25 1395.43 11.82 
2045.90 1397.38 10.67 0.03 0.02 0.00 216.58 2041.61 1358.95 10.82 0.00 0.00 0.00 -0.39 -0.18 0.32 2045.88 1396.95 11.51 2046.83 1395.73 11.82 
2048.48 1398.49 10.67 -0.02 0.01 0.00 171.14 2041.61 1358.95 10.82 0.00 0.00 0.00 -0.33 0.02 0.38 2048.05 1398.24 11.51 2047.88 1396.55 11.79 
2048.29 1398.65 10.67 -0.02 0.03 0.00 176.74 2041.61 1358.95 10.82 0.00 0.00 0.00 -0.31 -0.00 0.35 2047.92 1398.37 11.51 2047.86 1396.67 11.79 
2048.14 1398.85 10.67 -0.02 0.04 0.00 180.77 2041.61 1358.95 10.82 0.00 0.00 0.00 -0.30 0.02 0.36 2047.80 1398.55 11.51 2047.92 1396.84 11.80 
2047.95 1398.97 10.67 -0.02 0.01 0.00 197.33 2041.61 1358.95 10.82 0.00 0.00 0.00 -0.30 -0.00 0.35 2047.75 1398.55 11.51 2048.35 1396.96 11.80 
2047.81 1398.97 10.67 -0.02 -0.00 0.00 213.22 2041.61 1358.95 10.82 0.00 0.00 0.00 -0.31 -0.25 0.37 2047.73 1398.47 11.49 2048.66 1397.14 11.68 
2047.65 1398.93 10.67 -0.02 -0.00 0.00 217.02 2041.61 1358.95 10.82 0.00 0.00 0.00 -0.08 -0.12 0.39 2047.57 1398.42 11.49 2048.70 1396.90 11.68 
2047.47 1398.87 10.67 -0.02 -0.00 0.00 220.60 2041.61 1358.95 10.82 0.00 0.00 0.00 -0.11 -0.09 0.36 2047.46 1398.37 11.47 2048.71 1396.94 11.59 
2047.28 1398.88 10.67 -0.03 0.00 0.00 227.77 2041.61 1358.95 10.82 0.00 0.00 0.00 -38.45 6.48 0.73 2047.32 1398.38 11.46 2048.67 1397.30 11.52 
