2037.11 1347.02 10.82 0.00 0.00 0.00 340.32 2041.61 1358.95 10.82 0.00 0.00 0.00 0.26 0.00 -0.27 2037.55 1347.33 11.55 2041.61 1358.68 10.39 
2038.79 1346.52 10.67 0.00 0.00 0.00 349.27 2041.61 1358.95 10.82 0.00 0.00 0.00 0.08 -0.16 0.46 2039.18 1346.85 11.44 2041.45 1358.86 11.14 
2038.79 1346.52 10.67 0.00 0.00 0.00 348.83 2041.61 1358.95 10.82 0.00 0.00 0.00 0.29 -0.09 0.47 2039.19 1346.87 11.44 2041.51 1358.66 11.14 
2038.79 1346.52 10.67 0.00 0.00 0.00 348.38 2041.61 1358.95 10.82 0.00 0.00 0.00 0.22 0.01 -0.70 2039.19 1346.90 11.39 2041.63 1358.72 9.96 
2044.42 1348.07 10.67 0.03 0.01 0.00 14.79 2041.61 1358.95 10.82 0.00 0.00 0.00 -0.12 0.22 -0.18 2044.68 1348.59 11.41 2041.84 1359.07 10.48 
2044.64 1348.14 10.67 0.03 0.01 0.00 17.48 2041.61 1358.95 10.82 0.00 0.00 0.00 0.26 0.02 -0.36 2044.87 1348.68 11.40 2041.63 1358.68 10.30 
2044.83 1348.21 10.67 0.03 0.01 0.00 18.60 2041.61 1358.95 10.82 0.00 0.00 0.00 0.23 0.01 -0.42 2045.09 1348.76 11.40 2041.63 1358.71 10.24 
2045.35 1348.40 10.67 0.03 0.01 0.00 20.84 2041.61 1358.95 10.82 0.00 0.00 0.00 0.26 0.05 -0.40 2045.52 1348.94 11.40 2041.67 1358.68 10.26 
2046.13 1348.85 10.67 0.03 0.01 0.00 27.55 2041.61 1358.95 10.82 0.00 0.00 0.00 0.32 -0.00 0.03 2046.28 1349.42 11.42 2041.61 1358.63 10.70 
2046.37 1348.99 10.67 0.03 0.01 0.00 27.33 2041.61 1358.95 10.82 0.00 0.00 0.00 0.12 0.15 -0.01 2046.48 1349.53 11.42 2041.77 1358.83 10.65 
2046.54 1349.07 10.67 0.03 0.01 0.00 27.55 2041.61 1358.95 10.82 0.00 0.00 0.00 0.09 0.12 0.10 2046.69 1349.63 11.43 2041.74 1358.85 10.78 
2046.71 1349.16 10.67 0.03 0.01 0.00 28.67 2041.61 1358.95 10.82 0.00 0.00 0.00 0.06 0.17 0.18 2046.89 1349.73 11.43 2041.79 1358.88 10.85 
2046.96 1349.31 10.67 0.03 0.02 0.00 28.89 2041.61 1358.95 10.82 0.00 0.00 0.00 0.10 0.14 0.26 2047.09 1349.87 11.43 2041.76 1358.84 10.94 
2047.15 1349.45 10.67 0.03 0.02 0.00 31.58 2041.61 1358.95 10.82 0.00 0.00 0.00 0.30 -0.04 0.33 2047.24 1350.02 11.43 2041.57 1358.64 11.00 
2047.91 1350.08 10.67 0.03 0.02 0.00 39.19 2041.61 1358.95 10.82 0.00 0.00 0.00 0.35 -0.02 0.09 2047.92 1350.64 11.42 2041.59 1358.59 10.76 
2048.07 1350.20 10.67 0.03 0.02 0.00 39.19 2041.61 1358.95 10.82 0.00 0.00 0.00 0.17 0.05 0.01 2048.10 1350.78 11.42 2041.67 1358.77 10.68 
2048.28 1350.38 10.67 0.02 0.02 0.00 39.86 2041.61 1358.95 10.82 0.00 0.00 0.00 0.17 0.07 0.00 2048.28 1350.93 11.42 2041.69 1358.77 10.67 
2048.42 1350.52 10.67 0.02 0.02 0.00 40.08 2041.61 1358.95 10.82 0.00 0.00 0.00 0.13 0.08 0.05 2048.43 1351.10 11.42 2041.70 1358.81 10.72 
2048.55 1350.66 10.67 0.02 0.02 0.00 41.43 2041.61 1358.95 10.82 0.00 0.00 0.00 0.36 0.02 0.11 2048.56 1351.27 11.42 2041.63 1358.58 10.78 
2048.88 1351.04 10.67 0.02 0.02 0.00 45.90 2041.61 1358.95 10.82 0.00 0.00 0.00 0.36 0.00 0.14 2048.84 1351.62 11.42 2041.61 1358.58 10.82 
2049.04 1351.22 10.67 0.02 0.03 0.00 47.02 2041.61 1358.95 10.82 0.00 0.00 0.00 0.14 -0.00 0.09 2048.98 1351.80 11.42 2041.60 1358.80 10.77 
2049.23 1351.42 10.67 0.02 0.02 0.00 47.69 2041.61 1358.95 10.82 0.00 0.00 0.00 0.10 0.11 0.05 2049.15 1351.97 11.42 2041.73 1358.84 10.72 
2049.36 1351.56 10.67 0.02 0.02 0.00 47.92 2041.61 1358.95 10.82 0.00 0.00 0.00 -0.14 0.13 0.27 2049.32 1352.13 11.43 2041.75 1359.10 10.94 
2049.64 1351.90 10.67 0.02 0.03 0.00 48.37 2041.61 1358.95 10.82 0.00 0.00 0.00 0.12 0.14 0.39 2049.58 1352.50 11.44 2041.76 1358.82 11.06 
2050.03 1352.53 10.67 0.02 0.03 0.00 54.86 2041.61 1358.95 10.82 0.00 0.00 0.00 0.23 0.07 0.50 2049.91 1353.10 11.43 2041.69 1358.71 11.17 
2050.18 1352.77 10.67 0.02 0.03 0.00 57.09 2041.61 1358.95 10.82 0.00 0.00 0.00 0.33 0.07 0.10 2050.00 1353.29 11.42 2041.69 1358.61 10.77 
2050.29 1352.93 10.67 0.02 0.03 0.00 58.88 2041.61 1358.95 10.82 0.00 0.00 0.00 0.19 0.02 -0.13 2050.12 1353.49 11.41 2041.63 1358.75 10.53 
2050.41 1353.13 10.67 0.02 0.03 0.00 59.33 2041.61 1358.95 10.82 0.00 0.00 0.00 0.17 0.19 -0.44 2050.23 1353.69 11.40 2041.80 1358.78 10.22 
2050.50 1353.31 10.67 0.01 0.03 0.00 59.56 2041.61 1358.95 10.82 0.00 0.00 0.00 -0.07 0.10 -0.77 2050.33 1353.91 11.39 2041.72 1359.02 9.89 
2050.63 1353.60 10.67 0.01 0.03 0.00 60.45 2041.61 1358.95 10.82 0.00 0.00 0.00 -0.05 0.05 -0.82 2050.46 1354.19 11.38 2041.67 1359.01 9.85 
2050.74 1353.85 10.67 0.01 0.03 0.00 61.12 2041.61 1358.95 10.82 0.00 0.00 0.00 -0.06 0.13 -0.48 2050.54 1354.42 11.39 2041.75 1359.01 10.18 
2050.83 1354.04 10.67 0.01 0.03 0.00 62.47 2041.61 1358.95 10.82 0.00 0.00 0.00 -0.20 0.01 0.04 2050.63 1354.62 11.41 2041.63 1359.16 10.71 
2051.62 1356.66 10.67 0.00 0.00 0.00 79.25 2041.61 1358.95 10.82 0.00 0.00 0.00 0.10 0.14 0.02 2051.27 1357.05 11.42 2041.75 1358.84 10.69 
2051.62 1356.66 10.67 0.00 0.00 0.00 79.25 2041.61 1358.95 10.82 0.00 0.00 0.00 0.13 0.10 0.03 2051.25 1357.05 11.42 2041.72 1358.81 10.70 
2051.58 1356.55 10.67 0.00 0.03 0.00 79.70 2041.61 1358.95 10.82 0.00 0.00 0.00 0.20 0.12 0.16 2051.21 1356.93 11.42 2041.73 1358.74 10.83 
2051.61 1356.74 10.67 0.00 0.03 0.00 80.15 2041.61 1358.95 10.82 0.00 0.00 0.00 0.05 0.18 0.24 2051.26 1357.19 11.43 2041.79 1358.89 10.91 
2051.65 1356.94 10.67 0.00 0.03 0.00 80.59 2041.61 1358.95 10.82 0.00 0.00 0.00 -0.06 0.18 0.37 2051.31 1357.43 11.44 2041.80 1359.02 11.04 
2051.71 1357.24 10.67 0.00 0.03 0.00 81.27 2041.61 1358.95 10.82 0.00 0.00 0.00 -0.15 0.12 0.39 2051.36 1357.66 11.44 2041.74 1359.10 11.06 
2051.79 1357.94 10.67 -0.00 0.04 0.00 87.31 2041.61 1358.95 10.82 0.00 0.00 0.00 0.27 0.02 0.51 2051.40 1358.32 11.43 2041.63 1358.67 11.19 
2051.78 1358.14 10.67 -0.00 0.04 0.00 88.65 2041.61 1358.95 10.82 0.00 0.00 0.00 0.29 -0.00 0.27 2051.36 1358.52 11.42 2041.60 1358.66 10.94 
2051.83 1358.29 10.67 0.00 0.02 0.00 89.32 2041.61 1358.95 10.82 0.00 0.00 0.00 0.09 0.16 0.22 2051.41 1358.67 11.42 2041.77 1358.85 10.89 
2051.95 1358.47 10.67 0.03 0.02 0.00 89.32 2041.61 1358.95 10.82 0.00 0.00 0.00 -0.10 0.16 0.14 2051.54 1358.82 11.42 2041.78 1359.05 10.81 
2052.30 1358.80 10.67 0.00 0.02 0.00 89.77 2041.61 1358.95 10.82 0.00 0.00 0.00 -0.15 0.13 -0.03 2051.88 1359.14 11.42 2041.75 1359.10 10.64 
2052.36 1358.92 10.67 0.00 0.02 0.00 90.67 2041.61 1358.95 10.82 0.00 0.00 0.00 -0.13 0.13 -0.00 2051.94 1359.29 11.42 2041.75 1359.09 10.66 
2052.40 1359.06 10.67 0.01 0.02 0.00 91.56 2041.61 1358.95 10.82 0.00 0.00 0.00 -0.04 0.17 0.11 2051.99 1359.44 11.42 2041.78 1359.00 10.78 
2052.48 1359.28 10.67 0.01 0.02 0.00 92.46 2041.61 1358.95 10.82 0.00 0.00 0.00 -0.11 0.16 0.24 2052.04 1359.60 11.42 2041.78 1359.06 10.91 
2052.65 1359.39 10.67 0.05 0.00 0.00 92.90 2041.61 1358.95 10.82 0.00 0.00 0.00 -0.20 0.08 0.36 2052.23 1359.71 11.43 2041.70 1359.15 11.03 
2052.82 1359.31 10.67 0.04 -0.02 0.00 93.13 2041.61 1358.95 10.82 0.00 0.00 0.00 -0.12 0.15 0.37 2052.43 1359.58 11.43 2041.77 1359.07 11.04 
2052.97 1359.12 10.67 0.02 -0.02 0.00 93.13 2041.61 1358.95 10.82 0.00 0.00 0.00 0.01 0.17 0.29 2052.56 1359.39 11.43 2041.79 1358.93 10.96 
2053.03 1359.00 10.67 0.01 -0.02 0.00 93.13 2041.61 1358.95 10.82 0.00 0.00 0.00 0.18 0.16 0.19 2052.61 1359.24 11.43 2041.78 1358.76 10.86 
2053.26 1359.07 10.67 -0.01 0.02 0.00 92.01 2041.61 1358.95 10.82 0.00 0.00 0.00 0.06 0.16 0.60 2052.81 1359.40 11.44 2041.78 1358.88 11.27 
2079.64 1375.84 10.66 -0.03 -0.01 0.00 114.21 2041.61 1358.95 10.82 0.00 0.00 0.00 -0.25 0.26 -0.40 2079.04 1375.92 11.43 2041.88 1359.20 10.26 
2079.45 1375.76 10.66 -0.03 -0.01 0.00 114.21 2041.61 1358.95 10.82 0.00 0.00 0.00 -0.18 0.30 -0.33 2078.82 1375.82 11.43 2041.92 1359.13 10.34 
2079.23 1375.66 10.66 -0.03 -0.01 0.00 114.21 2041.61 1358.95 10.82 0.00 0.00 0.00 -0.21 0.24 -0.20 2078.60 1375.72 11.43 2041.86 1359.16 10.47 
2078.33 1375.23 10.66 -0.01 -0.02 0.00 114.21 2041.61 1358.95 10.82 0.00 0.00 0.00 -0.23 0.04 -0.59 2077.81 1375.32 11.43 2041.66 1359.18 10.07 
2078.70 1374.10 10.65 0.01 -0.03 0.00 112.42 2041.61 1358.95 10.82 0.00 0.00 0.00 -0.31 0.02 0.36 2078.21 1374.20 11.43 2041.64 1359.26 11.03 
2078.96 1373.48 10.65 0.01 -0.03 0.00 112.19 2041.61 1358.95 10.82 0.00 0.00 0.00 0.10 0.16 -0.48 2078.49 1373.55 11.43 2041.78 1358.84 10.18 
2079.16 1372.76 10.66 0.01 -0.03 0.00 109.96 2041.61 1358.95 10.82 0.00 0.00 0.00 -0.02 0.19 -0.13 2078.67 1372.88 11.43 2041.81 1358.97 10.53 
2079.23 1372.53 10.66 0.01 -0.03 0.00 109.96 2041.61 1358.95 10.82 0.00 0.00 0.00 0.17 0.10 0.20 2078.73 1372.66 11.43 2041.71 1358.78 10.88 
2079.28 1372.35 10.66 0.01 -0.03 0.00 109.73 2041.61 1358.95 10.82 0.00 0.00 0.00 -0.09 0.17 0.41 2078.80 1372.44 11.43 2041.79 1359.04 11.08 
2078.59 1369.61 10.65 -0.03 -0.01 0.00 106.37 2041.61 1358.95 10.82 0.00 0.00 0.00 -0.13 0.14 0.25 2078.09 1369.78 11.43 2041.76 1359.09 10.92 
2078.50 1369.48 10.65 -0.01 -0.02 0.00 106.37 2041.61 1358.95 10.82 0.00 0.00 0.00 -0.02 0.13 0.35 2077.98 1369.62 11.43 2041.74 1358.97 11.02 
2078.41 1369.30 10.65 -0.01 -0.02 0.00 106.37 2041.61 1358.95 10.82 0.00 0.00 0.00 -0.02 0.15 0.38 2077.90 1369.47 11.43 2041.77 1358.98 11.06 
2078.35 1369.20 10.65 -0.01 -0.02 0.00 106.37 2041.61 1358.95 10.82 0.00 0.00 0.00 -0.04 0.18 0.27 2077.81 1369.32 11.43 2041.80 1358.99 10.94 
2078.23 1369.01 10.66 -0.01 -0.02 0.00 106.37 2041.61 1358.95 10.82 0.00 0.00 0.00 0.14 0.04 0.06 2077.72 1369.16 11.43 2041.66 1358.81 10.74 
2077.34 1367.59 10.66 -0.01 -0.02 0.00 103.47 2041.61 1358.95 10.82 0.00 0.00 0.00 -0.30 0.22 -0.28 2076.80 1367.76 11.43 2041.84 1359.25 10.39 
2077.16 1367.58 10.66 -0.02 0.01 0.00 103.47 2041.61 1358.95 10.82 0.00 0.00 0.00 -0.08 0.19 -0.07 2076.67 1367.77 11.44 2041.81 1359.03 10.59 
2077.05 1367.66 10.66 -0.02 0.01 0.00 103.24 2041.61 1358.95 10.82 0.00 0.00 0.00 -0.29 0.09 0.10 2076.52 1367.89 11.43 2041.71 1359.25 10.77 
2076.93 1367.73 10.66 -0.02 0.01 0.00 103.91 2041.61 1358.95 10.82 0.00 0.00 0.00 0.09 0.18 -0.02 2076.36 1367.97 11.43 2041.79 1358.86 10.64 
2076.73 1367.84 10.66 -0.02 0.01 0.00 105.26 2041.61 1358.95 10.82 0.00 0.00 0.00 0.25 0.07 0.04 2076.21 1368.04 11.43 2041.68 1358.69 10.71 
2075.32 1368.58 10.67 -0.02 0.01 0.00 106.15 2041.61 1358.95 10.82 0.00 0.00 0.00 -0.24 0.05 0.29 2074.75 1368.80 11.44 2041.67 1359.19 10.96 
2072.17 1370.08 10.67 -0.02 0.01 0.00 110.40 2041.61 1358.95 10.82 0.00 0.00 0.00 0.17 0.10 0.10 2071.64 1370.24 11.45 2041.72 1358.77 10.77 
2071.87 1370.20 10.67 -0.02 0.01 0.00 110.63 2041.61 1358.95 10.82 0.00 0.00 0.00 -0.01 0.16 0.52 2071.31 1370.37 11.45 2041.78 1358.96 11.20 
2057.99 1378.55 10.67 -0.03 0.02 0.00 140.96 2041.61 1358.95 10.82 0.00 0.00 0.00 0.04 0.19 -0.44 2057.43 1378.47 11.43 2041.81 1358.91 10.22 
2057.81 1378.73 10.67 -0.02 0.03 0.00 140.96 2041.61 1358.95 10.82 0.00 0.00 0.00 0.02 0.24 -0.29 2057.25 1378.64 11.43 2041.86 1358.92 10.38 
2057.43 1379.07 10.67 -0.03 0.02 0.00 143.20 2041.61 1358.95 10.82 0.00 0.00 0.00 -0.28 0.24 -0.25 2056.86 1378.97 11.43 2041.86 1359.23 10.41 
2056.99 1379.37 10.67 -0.03 0.02 0.00 143.87 2041.61 1358.95 10.82 0.00 0.00 0.00 -0.31 0.13 -0.23 2056.46 1379.24 11.43 2041.75 1359.26 10.43 
2056.83 1379.49 10.67 -0.03 0.02 0.00 144.31 2041.61 1358.95 10.82 0.00 0.00 0.00 -0.29 0.18 -0.22 2056.27 1379.38 11.44 2041.80 1359.25 10.44 
2056.61 1379.66 10.67 -0.03 0.02 0.00 144.31 2041.61 1358.95 10.82 0.00 0.00 0.00 -0.23 0.09 -0.16 2056.08 1379.52 11.44 2041.71 1359.18 10.50 
2055.88 1379.13 10.67 -0.02 -0.03 0.00 146.55 2041.61 1358.95 10.82 0.00 0.00 0.00 0.20 0.07 0.51 2055.33 1378.88 11.44 2041.69 1358.75 11.18 
2055.72 1378.91 10.67 -0.02 -0.03 0.00 146.55 2041.61 1358.95 10.82 0.00 0.00 0.00 -0.00 0.19 0.37 2055.19 1378.69 11.44 2041.81 1358.95 11.04 
2054.88 1377.76 10.67 -0.02 -0.03 0.00 145.43 2041.61 1358.95 10.82 0.00 0.00 0.00 -0.25 0.07 0.49 2054.33 1377.52 11.44 2041.70 1359.20 11.16 
2054.71 1377.54 10.67 -0.02 -0.03 0.00 145.43 2041.61 1358.95 10.82 0.00 0.00 0.00 -0.28 -0.13 0.41 2054.18 1377.33 11.44 2041.48 1359.24 11.08 
2054.32 1377.05 10.67 -0.02 -0.01 0.00 145.43 2041.61 1358.95 10.82 0.00 0.00 0.00 -0.13 -0.13 -0.03 2053.76 1376.86 11.44 2041.48 1359.08 10.63 
2053.70 1377.26 10.67 -0.03 0.01 0.00 146.11 2041.61 1358.95 10.82 0.00 0.00 0.00 -0.34 -0.13 0.21 2053.18 1377.11 11.43 2041.48 1359.30 10.89 
2053.52 1377.35 10.67 -0.03 0.01 0.00 147.45 2041.61 1358.95 10.82 0.00 0.00 0.00 -0.35 -0.00 0.25 2052.96 1377.21 11.43 2041.62 1359.31 10.92 
2053.27 1377.47 10.67 -0.03 0.01 0.00 148.57 2041.61 1358.95 10.82 0.00 0.00 0.00 -0.33 0.06 0.22 2052.75 1377.30 11.43 2041.69 1359.28 10.89 
2053.09 1377.57 10.67 -0.03 0.01 0.00 149.91 2041.61 1358.95 10.82 0.00 0.00 0.00 -0.15 0.03 0.07 2052.54 1377.40 11.43 2041.65 1359.11 10.74 
2052.91 1377.63 10.67 -0.02 -0.00 0.00 150.36 2041.61 1358.95 10.82 0.00 0.00 0.00 -0.18 0.07 -0.11 2052.36 1377.40 11.43 2041.69 1359.13 10.55 
2052.73 1377.57 10.67 -0.02 -0.00 0.00 150.36 2041.61 1358.95 10.82 0.00 0.00 0.00 -0.30 0.18 -0.23 2052.21 1377.36 11.43 2041.80 1359.25 10.43 
2052.03 1377.36 10.67 -0.02 -0.00 0.00 151.48 2041.61 1358.95 10.82 0.00 0.00 0.00 -0.26 0.09 0.25 2051.49 1377.11 11.43 2041.71 1359.22 10.92 
2035.70 1374.60 10.82 -0.01 -0.02 0.00 201.46 2041.61 1358.95 10.82 0.00 0.00 0.00 -0.05 -0.14 0.53 2035.53 1374.01 11.59 2041.46 1359.00 11.20 
2035.62 1374.39 10.82 -0.01 -0.02 0.00 202.47 2041.61 1358.95 10.82 0.00 0.00 0.00 -0.19 0.00 -0.09 2035.48 1373.84 11.57 2041.62 1359.14 10.57 
2035.56 1374.23 10.82 -0.01 -0.02 0.00 202.47 2041.61 1358.95 10.82 0.00 0.00 0.00 -0.18 -0.06 -0.03 2035.42 1373.68 11.57 2041.55 1359.13 10.63 
2035.51 1374.09 10.82 -0.01 -0.02 0.00 202.69 2041.61 1358.95 10.82 0.00 0.00 0.00 -0.14 -0.11 -0.00 2035.37 1373.51 11.57 2041.50 1359.09 10.66 
2035.46 1373.96 10.82 -0.01 -0.02 0.00 203.14 2041.61 1358.95 10.82 0.00 0.00 0.00 -0.16 -0.08 -0.00 2035.31 1373.36 11.57 2041.53 1359.11 10.66 
2035.40 1373.80 10.82 -0.00 -0.02 0.00 203.59 2041.61 1358.95 10.82 0.00 0.00 0.00 -0.07 -0.15 0.01 2035.26 1373.20 11.57 2041.46 1359.02 10.68 
2035.32 1373.60 10.82 -0.01 -0.02 0.00 204.26 2041.61 1358.95 10.82 0.00 0.00 0.00 -0.06 -0.17 -0.04 2035.20 1373.05 11.57 2041.44 1359.02 10.63 
2035.27 1373.47 10.82 -0.00 -0.02 0.00 205.38 2041.61 1358.95 10.82 0.00 0.00 0.00 -0.15 -0.10 -0.14 2035.15 1372.89 11.57 2041.51 1359.10 10.52 
2035.20 1373.28 10.82 -0.00 -0.02 0.00 205.83 2041.61 1358.95 10.82 0.00 0.00 0.00 -0.15 -0.02 -0.24 2035.10 1372.72 11.57 2041.59 1359.10 10.43 
2034.91 1372.19 10.82 0.00 0.00 0.00 207.77 2041.61 1358.95 10.82 0.00 0.00 0.00 -0.17 -0.17 0.44 2034.83 1371.66 11.58 2041.44 1359.13 11.11 
2034.91 1372.19 10.82 0.00 0.00 0.00 207.77 2041.61 1358.95 10.82 0.00 0.00 0.00 -0.10 -0.16 0.47 2034.82 1371.69 11.58 2041.45 1359.05 11.14 
2034.91 1372.19 10.82 0.00 0.00 0.00 207.77 2041.61 1358.95 10.82 0.00 0.00 0.00 -0.05 -0.18 0.47 2034.83 1371.68 11.58 2041.43 1359.01 11.14 
2034.91 1372.19 10.82 0.00 0.00 0.00 207.77 2041.61 1358.95 10.82 0.00 0.00 0.00 -0.02 -0.19 0.41 2034.83 1371.67 11.58 2041.42 1358.98 11.08 
2034.91 1372.19 10.82 0.00 0.00 0.00 207.77 2041.61 1358.95 10.82 0.00 0.00 0.00 -0.06 -0.17 0.34 2034.83 1371.67 11.58 2041.44 1359.02 11.02 
2034.91 1372.19 10.82 0.00 0.00 0.00 207.77 2041.61 1358.95 10.82 0.00 0.00 0.00 -0.13 -0.12 0.32 2034.83 1371.67 11.58 2041.49 1359.09 10.99 
2034.91 1372.19 10.82 0.00 0.00 0.00 207.77 2041.61 1358.95 10.82 0.00 0.00 0.00 -0.29 -0.11 0.37 2034.83 1371.67 11.58 2041.50 1359.25 11.04 
2034.91 1372.19 10.82 0.00 0.00 0.00 207.77 2041.61 1358.95 10.82 0.00 0.00 0.00 -0.32 -0.09 0.47 2034.83 1371.67 11.58 2041.52 1359.27 11.14 
2034.91 1372.19 10.82 0.00 0.00 0.00 207.77 2041.61 1358.95 10.82 0.00 0.00 0.00 -0.12 -0.04 0.56 2034.83 1371.67 11.58 2041.57 1359.08 11.23 
2034.91 1372.19 10.82 0.00 0.00 0.00 207.77 2041.61 1358.95 10.82 0.00 0.00 0.00 -0.38 -0.05 0.17 2034.84 1371.66 11.57 2041.57 1359.33 10.84 
2034.91 1372.19 10.82 0.00 0.00 0.00 208.89 2041.61 1358.95 10.82 0.00 0.00 0.00 -0.20 -0.00 -0.21 2034.85 1371.65 11.56 2041.61 1359.15 10.45 
2034.91 1372.19 10.82 0.00 0.00 0.00 208.89 2041.61 1358.95 10.82 0.00 0.00 0.00 -0.18 -0.05 -0.33 2034.85 1371.65 11.56 2041.56 1359.14 10.34 
2034.91 1372.19 10.82 0.00 0.00 0.00 208.89 2041.61 1358.95 10.82 0.00 0.00 0.00 -0.20 -0.00 -0.44 2034.85 1371.65 11.56 2041.61 1359.15 10.22 
2034.91 1372.19 10.82 0.00 0.00 0.00 208.89 2041.61 1358.95 10.82 0.00 0.00 0.00 -0.20 0.12 -0.50 2034.85 1371.65 11.56 2041.74 1359.15 10.16 
2034.91 1372.19 10.82 0.00 0.00 0.00 208.89 2041.61 1358.95 10.82 0.00 0.00 0.00 -0.27 0.25 -0.27 2034.85 1371.65 11.56 2041.88 1359.22 10.39 
2034.93 1372.15 10.82 0.01 -0.02 0.00 208.44 2041.61 1358.95 10.82 0.00 0.00 0.00 -0.23 0.02 -0.20 2034.90 1371.55 11.55 2041.64 1359.18 10.47 
2034.99 1371.98 10.82 -0.00 -0.02 0.00 208.44 2041.61 1358.95 10.82 0.00 0.00 0.00 -0.28 -0.15 0.17 2034.92 1371.40 11.57 2041.47 1359.23 10.84 
2034.95 1371.84 10.82 -0.00 -0.02 0.00 208.67 2041.61 1358.95 10.82 0.00 0.00 0.00 -0.05 -0.19 0.17 2034.87 1371.23 11.57 2041.42 1359.01 10.84 
2034.89 1371.63 10.82 -0.00 -0.02 0.00 208.89 2041.61 1358.95 10.82 0.00 0.00 0.00 0.22 -0.09 0.04 2034.82 1371.07 11.57 2041.52 1358.73 10.71 
2034.69 1370.80 10.82 -0.00 -0.02 0.00 211.58 2041.61 1358.95 10.82 0.00 0.00 0.00 -0.26 -0.11 0.33 2034.64 1370.24 11.57 2041.51 1359.22 11.00 
2034.67 1370.68 10.82 -0.00 -0.02 0.00 212.25 2041.61 1358.95 10.82 0.00 0.00 0.00 -0.43 -0.09 0.30 2034.59 1370.09 11.57 2041.52 1359.39 10.97 
2034.27 1370.35 10.82 -0.03 -0.02 0.00 215.38 2041.61 1358.95 10.82 0.00 0.00 0.00 -0.34 -0.12 0.11 2034.23 1369.79 11.57 2041.49 1359.30 10.78 
2034.11 1370.22 10.82 -0.03 -0.02 0.00 215.38 2041.61 1358.95 10.82 0.00 0.00 0.00 -0.08 -0.15 0.00 2034.04 1369.65 11.57 2041.46 1359.04 10.67 
2033.50 1369.77 10.82 -0.02 -0.02 0.00 217.84 2041.61 1358.95 10.82 0.00 0.00 0.00 -0.37 0.02 0.15 2033.49 1369.22 11.57 2041.64 1359.32 10.82 
2033.18 1369.43 10.82 -0.02 -0.02 0.00 220.53 2041.61 1358.95 10.82 0.00 0.00 0.00 -0.17 -0.08 0.30 2033.19 1368.88 11.57 2041.53 1359.12 10.97 
2032.89 1369.16 10.82 -0.02 -0.02 0.00 221.42 2041.61 1358.95 10.82 0.00 0.00 0.00 0.04 -0.18 0.14 2032.87 1368.56 11.57 2041.43 1358.91 10.82 
2032.67 1368.95 10.82 -0.02 -0.02 0.00 223.66 2041.61 1358.95 10.82 0.00 0.00 0.00 -0.07 -0.13 0.03 2032.71 1368.40 11.57 2041.48 1359.02 10.71 
2032.52 1368.81 10.82 -0.03 -0.02 0.00 224.33 2041.61 1358.95 10.82 0.00 0.00 0.00 -0.10 -0.14 -0.01 2032.53 1368.24 11.57 2041.47 1359.06 10.65 
2031.79 1367.88 10.82 -0.02 -0.03 0.00 230.38 2041.61 1358.95 10.82 0.00 0.00 0.00 -0.28 -0.11 0.25 2031.87 1367.30 11.57 2041.50 1359.24 10.92 
2031.67 1367.72 10.82 -0.02 -0.03 0.00 230.38 2041.61 1358.95 10.82 0.00 0.00 0.00 0.06 -0.17 0.15 2031.73 1367.11 11.57 2041.43 1358.89 10.82 
2031.32 1367.30 10.82 -0.02 -0.03 0.00 232.84 2041.61 1358.95 10.82 0.00 0.00 0.00 -0.12 -0.13 -0.04 2031.44 1366.76 11.57 2041.48 1359.08 10.63 
2030.81 1349.98 10.82 0.00 -0.03 0.00 311.49 2041.61 1358.95 10.82 0.00 0.00 0.00 -0.13 0.00 -0.45 2031.38 1349.96 11.55 2041.62 1359.08 10.21 
2030.88 1349.78 10.82 0.02 -0.02 0.00 311.58 2041.61 1358.95 10.82 0.00 0.00 0.00 -0.05 0.01 -0.42 2031.46 1349.79 11.55 2041.63 1359.00 10.24 
2031.05 1349.61 10.82 0.02 -0.02 0.00 312.47 2041.61 1358.95 10.82 0.00 0.00 0.00 0.22 -0.00 -0.43 2031.64 1349.66 11.55 2041.60 1358.72 10.24 
2031.53 1349.64 10.82 0.02 0.02 0.00 314.49 2041.61 1358.95 10.82 0.00 0.00 0.00 -0.16 -0.12 -0.59 2032.17 1349.80 11.55 2041.49 1359.12 10.07 
2031.75 1350.15 10.82 0.02 0.02 0.00 314.04 2041.61 1358.95 10.82 0.00 0.00 0.00 -0.19 -0.14 0.18 2032.33 1350.30 11.57 2041.47 1359.15 10.85 
2031.93 1350.23 10.82 0.02 -0.00 0.00 312.70 2041.61 1358.95 10.82 0.00 0.00 0.00 0.29 -0.10 0.45 2032.47 1350.31 11.58 2041.50 1358.65 11.12 
2032.38 1350.65 10.82 0.00 0.02 0.00 312.70 2041.61 1358.95 10.82 0.00 0.00 0.00 0.30 -0.09 0.23 2032.92 1350.76 11.58 2041.52 1358.65 10.91 
2032.39 1350.79 10.82 0.00 0.02 0.00 312.70 2041.61 1358.95 10.82 0.00 0.00 0.00 0.06 -0.18 0.26 2032.92 1350.93 11.58 2041.43 1358.89 10.93 
2032.40 1351.01 10.82 0.00 0.02 0.00 312.70 2041.61 1358.95 10.82 0.00 0.00 0.00 -0.23 -0.13 0.33 2032.93 1351.10 11.58 2041.49 1359.19 11.01 
2036.90 1330.45 10.82 0.02 -0.01 0.00 351.36 2041.61 1358.95 10.82 0.00 0.00 0.00 0.18 0.07 -0.69 2037.30 1330.82 11.57 2041.69 1358.76 9.97 
2037.03 1330.37 10.82 0.02 -0.01 0.00 351.36 2041.61 1358.95 10.82 0.00 0.00 0.00 0.19 0.07 -0.75 2037.46 1330.73 11.58 2041.68 1358.76 9.91 
2037.25 1330.32 10.82 0.03 -0.00 0.00 351.80 2041.61 1358.95 10.82 0.00 0.00 0.00 0.19 -0.12 -0.66 2037.68 1330.71 11.57 2041.49 1358.76 10.00 
2037.46 1330.91 10.67 0.00 0.04 0.00 352.25 2041.61 1358.95 10.82 0.00 0.00 0.00 0.16 -0.02 -0.18 2037.85 1331.38 11.43 2041.58 1358.79 10.48 
2037.50 1331.12 10.67 0.00 0.04 0.00 352.25 2041.61 1358.95 10.82 0.00 0.00 0.00 0.23 0.18 -0.25 2037.90 1331.63 11.43 2041.80 1358.71 10.41 
2037.69 1332.15 10.67 0.00 0.04 0.00 352.25 2041.61 1358.95 10.82 0.00 0.00 0.00 0.19 -0.09 -0.64 2038.07 1332.57 11.43 2041.51 1358.75 10.03 
2037.82 1332.83 10.67 0.00 0.04 0.00 352.25 2041.61 1358.95 10.82 0.00 0.00 0.00 0.31 -0.12 0.16 2038.20 1333.29 11.43 2041.49 1358.63 10.84 
2037.80 1332.98 10.67 -0.01 0.02 0.00 352.25 2041.61 1358.95 10.82 0.00 0.00 0.00 0.35 0.02 0.20 2038.14 1333.42 11.43 2041.63 1358.59 10.87 
2037.67 1333.16 10.67 -0.01 0.02 0.00 352.25 2041.61 1358.95 10.82 0.00 0.00 0.00 0.29 0.09 0.07 2038.03 1333.57 11.43 2041.70 1358.65 10.74 
2037.25 1333.77 10.82 -0.01 0.02 0.00 350.24 2041.61 1358.95 10.82 0.00 0.00 0.00 0.10 -0.05 0.60 2037.58 1334.17 11.59 2041.56 1358.85 11.28 
2037.13 1333.93 10.82 -0.01 0.02 0.00 350.24 2041.61 1358.95 10.82 0.00 0.00 0.00 0.00 -0.08 0.73 2037.50 1334.31 11.59 2041.52 1358.95 11.41 
2036.96 1334.18 10.82 -0.01 0.02 0.00 350.24 2041.61 1358.95 10.82 0.00 0.00 0.00 -0.05 0.08 0.76 2037.31 1334.59 11.59 2041.70 1359.00 11.43 
2036.88 1334.30 10.82 -0.01 0.02 0.00 350.24 2041.61 1358.95 10.82 0.00 0.00 0.00 0.06 0.04 0.57 2037.21 1334.74 11.59 2041.66 1358.88 11.25 
2036.75 1334.50 10.82 -0.01 0.02 0.00 350.01 2041.61 1358.95 10.82 0.00 0.00 0.00 0.30 -0.07 0.37 2037.11 1334.89 11.59 2041.54 1358.65 11.05 
2036.46 1335.50 10.82 0.00 0.00 0.00 348.59 2041.61 1358.95 10.82 0.00 0.00 0.00 0.05 -0.16 0.31 2036.84 1335.85 11.58 2041.45 1358.89 10.98 
2036.46 1335.50 10.82 0.00 0.00 0.00 348.83 2041.61 1358.95 10.82 0.00 0.00 0.00 -0.06 -0.25 0.12 2036.85 1335.86 11.58 2041.36 1359.02 10.80 
2036.46 1335.50 10.82 0.00 0.00 0.00 349.14 2041.61 1358.95 10.82 0.00 0.00 0.00 0.00 -0.19 -0.08 2036.85 1335.86 11.58 2041.42 1358.95 10.58 
2036.46 1335.50 10.82 0.00 0.00 0.00 348.46 2041.61 1358.95 10.82 0.00 0.00 0.00 0.22 -0.05 -0.36 2036.86 1335.85 11.58 2041.56 1358.72 10.31 
2036.35 1336.18 10.82 -0.01 0.02 0.00 347.57 2041.61 1358.95 10.82 0.00 0.00 0.00 0.12 0.16 -0.07 2036.73 1336.55 11.58 2041.78 1358.82 10.59 
2036.27 1336.30 10.82 -0.01 0.02 0.00 347.57 2041.61 1358.95 10.82 0.00 0.00 0.00 0.17 -0.00 -0.17 2036.65 1336.70 11.58 2041.61 1358.78 10.49 
2035.59 1337.50 10.82 -0.01 0.02 0.00 345.33 2041.61 1358.95 10.82 0.00 0.00 0.00 0.36 0.00 0.17 2035.99 1337.85 11.59 2041.61 1358.59 10.85 
2035.52 1337.66 10.82 -0.00 0.03 0.00 345.33 2041.61 1358.95 10.82 0.00 0.00 0.00 -0.05 -0.16 0.08 2035.93 1338.03 11.58 2041.45 1359.01 10.75 
2035.87 1338.01 10.82 0.02 0.01 0.00 345.33 2041.61 1358.95 10.82 0.00 0.00 0.00 0.28 -0.11 0.44 2036.33 1338.37 11.59 2041.50 1358.67 11.11 
2048.51 1347.04 10.67 0.03 0.02 0.00 32.26 2041.61 1358.95 10.82 0.00 0.00 0.00 0.32 0.08 0.09 2048.60 1347.60 11.42 2041.69 1358.62 10.76 
2048.66 1347.16 10.67 0.03 0.02 0.00 32.46 2041.61 1358.95 10.82 0.00 0.00 0.00 0.11 0.17 -0.09 2048.78 1347.76 11.42 2041.78 1358.83 10.57 
2048.90 1347.37 10.67 0.03 0.02 0.00 32.65 2041.61 1358.95 10.82 0.00 0.00 0.00 -0.09 0.22 -0.19 2048.97 1347.92 11.42 2041.84 1359.04 10.47 
2049.01 1347.46 10.67 -0.03 -0.02 0.00 33.32 2041.61 1358.95 10.82 0.00 0.00 0.00 0.04 0.16 0.04 2048.99 1347.96 11.42 2041.78 1358.90 10.71 
2048.77 1347.28 10.67 -0.03 -0.02 0.00 33.32 2041.61 1358.95 10.82 0.00 0.00 0.00 0.27 0.07 0.05 2048.72 1347.72 11.42 2041.69 1358.68 10.72 
2048.65 1347.16 10.67 -0.01 -0.02 0.00 33.10 2041.61 1358.95 10.82 0.00 0.00 0.00 0.10 -0.14 -0.01 2048.64 1347.60 11.42 2041.47 1358.84 10.65 
2048.54 1346.96 10.67 -0.01 -0.02 0.00 32.65 2041.61 1358.95 10.82 0.00 0.00 0.00 0.31 0.00 0.04 2048.55 1347.48 11.43 2041.61 1358.63 10.71 
2049.02 1346.52 10.67 -0.00 -0.03 0.00 31.53 2041.61 1358.95 10.82 0.00 0.00 0.00 0.12 0.11 0.29 2049.10 1347.04 11.43 2041.72 1358.82 10.96 
2048.87 1346.38 10.67 -0.03 -0.02 0.00 32.20 2041.61 1358.95 10.82 0.00 0.00 0.00 0.26 -0.06 0.29 2048.90 1346.90 11.43 2041.54 1358.68 10.96 
2048.55 1346.84 10.67 0.00 0.02 0.00 31.53 2041.61 1358.95 10.82 0.00 0.00 0.00 0.33 -0.02 0.07 2048.61 1347.43 11.43 2041.58 1358.61 10.74 
2048.58 1346.99 10.67 0.00 0.02 0.00 31.53 2041.61 1358.95 10.82 0.00 0.00 0.00 0.32 0.07 0.19 2048.64 1347.60 11.43 2041.69 1358.63 10.86 
2048.62 1347.22 10.67 0.00 0.02 0.00 31.53 2041.61 1358.95 10.82 0.00 0.00 0.00 0.09 0.13 0.29 2048.67 1347.78 11.43 2041.75 1358.86 10.97 
2048.69 1347.55 10.67 0.00 0.02 0.00 33.32 2041.61 1358.95 10.82 0.00 0.00 0.00 0.06 0.16 0.34 2048.73 1348.11 11.43 2041.78 1358.88 11.02 
2048.72 1347.69 10.67 0.00 0.02 0.00 33.77 2041.61 1358.95 10.82 0.00 0.00 0.00 0.06 0.17 0.24 2048.75 1348.28 11.43 2041.79 1358.89 10.91 
2048.76 1347.88 10.67 0.00 0.02 0.00 34.44 2041.61 1358.95 10.82 0.00 0.00 0.00 0.07 0.15 0.14 2048.78 1348.44 11.43 2041.77 1358.87 10.81 
2050.33 1347.87 10.67 -0.00 -0.03 0.00 38.02 2041.61 1358.95 10.82 0.00 0.00 0.00 -0.22 0.09 0.39 2050.31 1348.29 11.44 2041.71 1359.17 11.07 
2050.31 1347.60 10.67 0.00 -0.05 0.00 38.02 2041.61 1358.95 10.82 0.00 0.00 0.00 0.21 0.19 0.46 2050.31 1348.03 11.44 2041.81 1358.73 11.14 
2050.30 1347.40 10.67 -0.00 -0.03 0.00 38.02 2041.61 1358.95 10.82 0.00 0.00 0.00 0.25 0.05 0.54 2050.26 1347.85 11.44 2041.66 1358.69 11.21 
2050.14 1347.07 10.67 -0.01 -0.02 0.00 36.90 2041.61 1358.95 10.82 0.00 0.00 0.00 -0.03 0.16 0.56 2050.11 1347.56 11.44 2041.78 1358.99 11.23 
2050.06 1346.96 10.67 -0.01 -0.01 0.00 36.01 2041.61 1358.95 10.82 0.00 0.00 0.00 -0.04 0.18 0.47 2050.02 1347.43 11.44 2041.80 1358.99 11.14 
2049.98 1346.72 10.67 -0.00 -0.03 0.00 36.01 2041.61 1358.95 10.82 0.00 0.00 0.00 0.15 0.11 0.35 2049.99 1347.21 11.44 2041.73 1358.79 11.03 
2049.97 1346.47 10.67 -0.00 -0.04 0.00 35.34 2041.61 1358.95 10.82 0.00 0.00 0.00 0.17 0.10 -0.04 2049.98 1346.97 11.43 2041.72 1358.77 10.62 
